-10 C>A 1.12387756018431 3459 3077.7374
-10 C>G 1.27190934930623 4429 3482.1664
-10 C>T 1.1903730213499 11126 9346.65
-10 CG>AC 1.17788613767336 2976 2526.55999999999
-10 CG>GC 1.09168207450346 2840 2601.49
-10 CG>TC 0.852118656742624 6552 7689.06999999999
-10 T>A 1.46106159230412 1767 1209.3946
-10 T>C 1.22599533199762 5239 4273.2626
-10 T>G 1.6450677048987 2540 1544.00939999999
-100 C>A 1.23741592778511 3786 3059.6018
-100 C>G 1.38742181073479 4785 3448.843
-100 C>T 1.22967137133501 11273 9167.48999999999
-100 CG>AC 1.12182555569094 2578 2298.04
-100 CG>GC 1.14048729911871 2728 2391.96
-100 CG>TC 0.860710664217892 6069 7051.15000000001
-100 T>A 1.38718616118653 1726 1244.2454
-100 T>C 1.28798970594081 5644 4382.02260000001
-100 T>G 1.57000332323645 2502 1593.6272
-1000 C>A 1.00813417376879 1599 1586.0984
-1000 C>G 1.08595533847976 1926 1773.5536
-1000 C>T 1.04538528164579 4864 4652.83
-1000 CG>AC 0.945984684057496 462 488.38
-1000 CG>GC 1.04552646864422 522 499.27
-1000 CG>TC 0.80171309448964 1696 2115.47
-1000 T>A 0.978651004567499 992 1013.6402
-1000 T>C 1.01106588939607 3723 3682.2526
-1000 T>G 1.05635229493742 1314 1243.9032
-110 C>A 1.21085141886652 3671 3031.75100000001
-110 C>G 1.36563766590172 4668 3418.1834
-110 C>T 1.23269893821367 11237 9115.76999999997
-110 CG>AC 1.13014230744623 2473 2188.22
-110 CG>GC 1.15904812305343 2672 2305.34
-110 CG>TC 0.877959232539474 5940 6765.69
-110 T>A 1.38073544559707 1760 1274.683
-110 T>C 1.28010870196799 5728 4474.62
-110 T>G 1.54346374196193 2507 1624.26879999999
-120 C>A 1.1802235028195 3603 3052.81160000001
-120 C>G 1.36690888986461 4699 3437.68339999999
-120 C>T 1.22375670652823 11181 9136.62000000001
-120 CG>AC 1.14584543869843 2465 2151.25
-120 CG>GC 1.12451701467925 2564 2280.09
-120 CG>TC 0.877166645149087 5843 6661.22
-120 T>A 1.34632821853851 1720 1277.54879999999
-120 T>C 1.26860928199794 5685 4481.28519999999
-120 T>G 1.47201997189614 2401 1631.09199999999
-130 C>A 1.17200846494701 3540 3020.456
-130 C>G 1.3604670502545 4615 3392.21740000001
-130 C>T 1.21532551311229 11006 9056.01
-130 CG>AC 1.05830479725324 2321 2193.13
-130 CG>GC 1.08509521473871 2522 2324.22
-130 CG>TC 0.863936591809775 5886 6813
-130 T>A 1.33607840042152 1703 1274.6258
-130 T>C 1.2536842680079 5588 4457.2626
-130 T>G 1.47243957991305 2397 1627.9106
-140 C>A 1.17141496698754 3550 3030.52300000001
-140 C>G 1.32453142752911 4505 3401.20279999999
-140 C>T 1.21367626919421 11007 9069.13999999999
-140 CG>AC 1.06352967727375 2262 2126.88
-140 CG>GC 1.09967027500561 2498 2271.59
-140 CG>TC 0.868273837443672 5794 6673.01
-140 T>A 1.32433656970031 1700 1283.66159999999
-140 T>C 1.2391448892829 5535 4466.79000000001
-140 T>G 1.4120022277575 2299 1628.18439999999
-150 C>A 1.14695095187237 3432 2992.2814
-150 C>G 1.31275376276824 4431 3375.34739999999
-150 C>T 1.18842538360144 10693 8997.61999999999
-150 CG>AC 1.03219266333182 2179 2111.04
-150 CG>GC 1.0782426201518 2425 2249.03
-150 CG>TC 0.857346987377947 5652 6592.43
-150 T>A 1.23529006260808 1602 1296.8614
-150 T>C 1.22995646994744 5555 4516.42
-150 T>G 1.40520849386648 2316 1648.15399999999
-160 C>A 1.16781030464338 3501 2997.9184
-160 C>G 1.30072480651277 4416 3395.0302
-160 C>T 1.17932620400423 10621 9005.98999999997
-160 CG>AC 1.02030848580164 2089 2047.42
-160 CG>GC 1.04750873305467 2288 2184.23
-160 CG>TC 0.84404448515471 5409 6408.43
-160 T>A 1.2569335991739 1643 1307.1494
-160 T>C 1.18967961751506 5463 4591.9926
-160 T>G 1.37940560049484 2297 1665.20999999999
-170 C>A 1.15846424907711 3494 3016.06200000001
-170 C>G 1.29964211352169 4409 3392.4724
-170 C>T 1.16454007172046 10473 8993.24999999998
-170 CG>AC 1.04474766190655 2137 2045.47
-170 CG>GC 1.03492588003121 2255 2178.9
-170 CG>TC 0.827551174636516 5311 6417.72999999999
-170 T>A 1.20860877601143 1583 1309.7704
-170 T>C 1.1842380278233 5420 4576.78259999999
-170 T>G 1.34330843253134 2230 1660.0804
-180 C>A 1.1115800338297 3305 2973.2452
-180 C>G 1.27959745481407 4304 3363.5578
-180 C>T 1.16182079505629 10363 8919.62
-180 CG>AC 1.00611617830938 2076 2063.38
-180 CG>GC 1.00302869966611 2199 2192.36
-180 CG>TC 0.831109369265128 5344 6429.96
-180 T>A 1.15011705027229 1512 1314.64879999999
-180 T>C 1.16439786428324 5362 4604.95519999999
-180 T>G 1.3733417935519 2283 1662.3684
-190 C>A 1.09823323991754 3274 2981.1518
-190 C>G 1.24451579297104 4172 3352.3078
-190 C>T 1.17431510469973 10441 8891.14
-190 CG>AC 0.994668576430333 2000 2010.72
-190 CG>GC 0.997757636284837 2118 2122.76
-190 CG>TC 0.817860858052519 5189 6344.59999999999
-190 T>A 1.21096707347309 1604 1324.56119999999
-190 T>C 1.145456394023 5365 4683.72259999999
-190 T>G 1.32113719488817 2219 1679.61359999999
-20 C>A 1.17558668328267 3606 3067.40460000001
-20 C>G 1.30376747707918 4537 3479.915
-20 C>T 1.20021152327995 11144 9285.03
-20 CG>AC 1.13999288503739 2852 2501.77
-20 CG>GC 1.0576297947432 2733 2584.08
-20 CG>TC 0.845741854888503 6479 7660.72999999999
-20 T>A 1.45378941819117 1766 1214.7564
-20 T>C 1.29734458505216 5576 4298.00999999999
-20 T>G 1.62304057795512 2509 1545.86399999999
-200 C>A 1.10356361386949 3274 2966.75240000001
-200 C>G 1.21109141651695 4065 3356.4766
-200 C>T 1.16087576809445 10334 8901.89999999999
-200 CG>AC 0.957758813825129 1881 1963.96
-200 CG>GC 0.99103395650515 2078 2096.8
-200 CG>TC 0.824075878646137 5074 6157.20000000001
-200 T>A 1.13784409697988 1523 1338.49619999999
-200 T>C 1.10716900579341 5185 4683.1152
-200 T>G 1.31943504697012 2225 1686.32779999998
-210 C>A 1.10210550068261 3289 2984.2878
-210 C>G 1.19809857674173 3992 3331.9462
-210 C>T 1.15010796701934 10205 8873.08000000001
-210 CG>AC 0.986385106974158 1917 1943.46
-210 CG>GC 1.00629656887504 2092 2078.91
-210 CG>TC 0.822190551699425 5071 6167.67000000001
-210 T>A 1.23629482589096 1666 1347.57499999999
-210 T>C 1.1336213258701 5347 4716.7426
-210 T>G 1.30198184561188 2215 1701.25259999999
-220 C>A 1.09693521215885 3259 2971.005
-220 C>G 1.2083059669977 4040 3343.524
-220 C>T 1.12201111890754 9978 8892.96
-220 CG>AC 0.969343279063334 1857 1915.73
-220 CG>GC 0.948445589557861 1951 2057.05
-220 CG>TC 0.821846741835711 5006 6091.15999999999
-220 T>A 1.19690720960141 1611 1345.969
-220 T>C 1.10129719299864 5201 4722.6126
-220 T>G 1.27508291278174 2165 1697.92879999999
-230 C>A 1.08316748375316 3242 2993.0736
-230 C>G 1.20970042728315 4079 3371.9092
-230 C>T 1.13362704545505 10102 8911.22000000001
-230 CG>AC 0.97210347994047 1842 1894.86
-230 CG>GC 0.96420967749866 1961 2033.79
-230 CG>TC 0.813597524607289 4938 6069.33999999999
-230 T>A 1.11927605789042 1507 1346.40599999999
-230 T>C 1.10499397616437 5223 4726.72260000001
-230 T>G 1.27921782949568 2174 1699.476
-240 C>A 1.07007851432235 3184 2975.4826
-240 C>G 1.20469832945315 4037 3351.0464
-240 C>T 1.13058390591162 10034 8875.05999999998
-240 CG>AC 0.956393511691596 1816 1898.8
-240 CG>GC 0.955346015005487 1924 2013.93
-240 CG>TC 0.788486719120677 4703 5964.59
-240 T>A 1.18996802530911 1618 1359.70039999999
-240 T>C 1.10007571688547 5251 4773.30779999999
-240 T>G 1.27243922336243 2179 1712.459
-250 C>A 1.10485059307918 3252 2943.3844
-250 C>G 1.15039941603334 3829 3328.4092
-250 C>T 1.12119202080115 9922 8849.51
-250 CG>AC 0.958879839363468 1786 1862.59
-250 CG>GC 0.969245579368699 1913 1973.7
-250 CG>TC 0.803119054600503 4711 5865.88
-250 T>A 1.14727793596344 1579 1376.3012
-250 T>C 1.11257443247495 5360 4817.65520000001
-250 T>G 1.21779322195527 2102 1726.073
-260 C>A 1.06482515803836 3200 3005.1882
-260 C>G 1.16217029237702 3919 3372.13919999999
-260 C>T 1.11371223250001 9962 8944.85999999999
-260 CG>AC 0.967173585568513 1817 1878.67
-260 CG>GC 0.948418129125745 1885 1987.52
-260 CG>TC 0.799435218180596 4756 5949.2
-260 T>A 1.17433261209739 1600 1362.47599999999
-260 T>C 1.09442129692297 5223 4772.3852
-260 T>G 1.24796315003193 2136 1711.589
-270 C>A 1.08690375299921 3215 2957.94359999999
-270 C>G 1.18102036697529 3957 3350.4926
-270 C>T 1.10926885096768 9828 8859.89
-270 CG>AC 0.898029816094673 1671 1860.74
-270 CG>GC 0.969613020517704 1904 1963.67
-270 CG>TC 0.79769227506045 4701 5893.25
-270 T>A 1.12229118556738 1537 1369.5198
-270 T>C 1.09662141420878 5285 4819.34780000001
-270 T>G 1.30741022344022 2266 1733.1974
-280 C>A 1.07720539479594 3189 2960.4382
-280 C>G 1.16206046718847 3877 3336.31519999999
-280 C>T 1.10705946868834 9791 8844.15000000002
-280 CG>AC 0.959912676840101 1794 1868.92
-280 CG>GC 0.928469729480418 1852 1994.68
-280 CG>TC 0.799101093889421 4836 6051.8
-280 T>A 1.13304377446989 1558 1375.0572
-280 T>C 1.07714671373689 5187 4815.5
-280 T>G 1.23958789510347 2145 1730.4138
-290 C>A 1.03976133331322 3047 2930.4802
-290 C>G 1.19513147771501 3968 3320.13680000001
-290 C>T 1.12482265160098 9918 8817.39000000002
-290 CG>AC 0.964481882720739 1777 1842.44
-290 CG>GC 0.975449086624945 1925 1973.45
-290 CG>TC 0.794256370088019 4705 5923.77999999999
-290 T>A 1.14060262925201 1575 1380.849
-290 T>C 1.09144032209544 5297 4853.21999999999
-290 T>G 1.26071201508149 2186 1733.94079999999
-30 C>A 1.21166670717534 3709 3061.07280000001
-30 C>G 1.34051698075266 4669 3482.9846
-30 C>T 1.20581272378825 11231 9314.05000000002
-30 CG>AC 1.11593079048127 2763 2475.95999999999
-30 CG>GC 1.11033274956217 2853 2569.5
-30 CG>TC 0.848274937785288 6456 7610.74
-30 T>A 1.53645820488412 1869 1216.43399999999
-30 T>C 1.28300205957191 5497 4284.48259999999
-30 T>G 1.65844849084408 2575 1552.65599999999
-300 C>A 1.07122343265278 3141 2932.1614
-300 C>G 1.16909969168169 3868 3308.5288
-300 C>T 1.12610561026043 9890 8782.47999999998
-300 CG>AC 0.937365913766736 1704 1817.86
-300 CG>GC 0.96173225498049 1861 1935.05
-300 CG>TC 0.802375002374657 4646 5790.31
-300 T>A 1.14435537320362 1584 1384.1854
-300 T>C 1.06834663712109 5189 4857.0378
-300 T>G 1.28572946673456 2248 1748.4238
-310 C>A 1.06422837868016 3150 2959.891
-310 C>G 1.17565667750776 3916 3330.90440000001
-310 C>T 1.1116849507097 9794 8810.04999999998
-310 CG>AC 0.994811590379458 1810 1819.44
-310 CG>GC 0.932515841472306 1816 1947.42
-310 CG>TC 0.785193110673943 4594 5850.79
-310 T>A 1.10395255660461 1521 1377.77659999999
-310 T>C 1.0696301067548 5209 4869.90779999999
-310 T>G 1.22412870957285 2129 1739.19619999999
-320 C>A 1.0618602002168 3111 2929.7642
-320 C>G 1.18464344467491 3922 3310.7008
-320 C>T 1.10723340858404 9721 8779.54000000003
-320 CG>AC 0.963382518213689 1723 1788.49
-320 CG>GC 0.969124943379928 1840 1898.62
-320 CG>TC 0.79411919692259 4521 5693.1
-320 T>A 1.08745858851741 1519 1396.8348
-320 T>C 1.08686161269689 5325 4899.42780000001
-320 T>G 1.28813400256025 2251 1747.48899999999
-330 C>A 1.0843428268111 3177 2929.8852
-330 C>G 1.18577034416523 3917 3303.3378
-330 C>T 1.0965012734302 9575 8732.32000000001
-330 CG>AC 1.00394242229761 1752 1745.12
-330 CG>GC 0.962115368132339 1796 1866.72
-330 CG>TC 0.799295233534304 4473 5596.18
-330 T>A 1.12591977867634 1589 1411.2906
-330 T>C 1.09723376280519 5413 4933.31519999996
-330 T>G 1.23321174753897 2184 1770.9854
-340 C>A 1.05761436223907 3096 2927.34300000001
-340 C>G 1.12853936573552 3738 3312.24599999999
-340 C>T 1.1043030489711 9644 8733.11
-340 CG>AC 0.951611609547053 1661 1745.46
-340 CG>GC 0.974298672938014 1798 1845.43
-340 CG>TC 0.792674227833654 4445 5607.6
-340 T>A 1.07816703937603 1519 1408.8726
-340 T>C 1.09261884817755 5415 4955.9826
-340 T>G 1.24801628264874 2204 1766.0026
-350 C>A 1.0285619434538 3014 2930.30480000001
-350 C>G 1.16825443110217 3859 3303.2188
-350 C>T 1.10587035137288 9648 8724.34999999999
-350 CG>AC 0.954962228245198 1656 1734.1
-350 CG>GC 0.942550341370668 1745 1851.36
-350 CG>TC 0.782932221363481 4356 5563.7
-350 T>A 1.06218595316512 1498 1410.2992
-350 T>C 1.09016016030884 5402 4955.23520000001
-350 T>G 1.22059027293529 2160 1769.63559999999
-360 C>A 1.06485251792627 3124 2933.7396
-360 C>G 1.16174399667959 3847 3311.4008
-360 C>T 1.10241385891708 9646 8749.89
-360 CG>AC 0.972751279474655 1665 1711.64
-360 CG>GC 0.961785143094198 1762 1832.01
-360 CG>TC 0.781323526217865 4317 5525.24
-360 T>A 1.09849475605799 1543 1404.6494
-360 T>C 1.0674451194676 5309 4973.5578
-360 T>G 1.20716688997561 2138 1771.089
-370 C>A 1.05731666221824 3078 2911.143
-370 C>G 1.16780181565989 3822 3272.8156
-370 C>T 1.116017626551 9677 8671.01
-370 CG>AC 0.928406275316812 1570 1691.07
-370 CG>GC 0.992297435784416 1801 1814.98
-370 CG>TC 0.790894540793271 4393 5554.47
-370 T>A 1.13829425517426 1621 1424.0606
-370 T>C 1.09072315224257 5468 5013.1878
-370 T>G 1.24947395742489 2225 1780.7494
-380 C>A 1.06748953260545 3115 2918.06140000001
-380 C>G 1.19833838521165 3940 3287.88600000001
-380 C>T 1.12823487809331 9763 8653.34
-380 CG>AC 0.92312608363759 1560 1689.91
-380 CG>GC 0.972181422134032 1754 1804.19
-380 CG>TC 0.777510539648281 4251 5467.45000000001
-380 T>A 1.07208005237857 1531 1428.065
-380 T>C 1.08023068728065 5445 5040.59000000001
-380 T>G 1.23227600649242 2197 1782.87979999999
-390 C>A 1.07041609406 3084 2881.1226
-390 C>G 1.16431980938308 3807 3269.72019999999
-390 C>T 1.08894374660684 9387 8620.28000000002
-390 CG>AC 0.952340280150325 1561 1639.12
-390 CG>GC 0.968143654842727 1687 1742.51
-390 CG>TC 0.791718330330284 4227 5339.02000000001
-390 T>A 1.0934361149254 1559 1425.7806
-390 T>C 1.05716989011863 5327 5038.9252
-390 T>G 1.20113631166922 2159 1797.4646
-40 C>A 1.19841363059409 3716 3100.7658
-40 C>G 1.3503699430133 4721 3496.07900000001
-40 C>T 1.21322015222752 11341 9347.85000000001
-40 CG>AC 1.14455897708851 2817 2461.21
-40 CG>GC 1.11317835530052 2842 2553.05
-40 CG>TC 0.870041405102177 6514 7487
-40 T>A 1.49057376255292 1816 1218.32279999999
-40 T>C 1.27998834879389 5449 4257.06999999999
-40 T>G 1.66212739138176 2575 1549.21939999999
-400 C>A 1.0493908720799 3053 2909.3068
-400 C>G 1.14152488239322 3726 3264.055
-400 C>T 1.12569008764765 9716 8631.15
-400 CG>AC 0.941032283899306 1551 1648.19
-400 CG>GC 0.996592699617177 1752 1757.99
-400 CG>TC 0.790069198906144 4221 5342.57
-400 T>A 1.13046374537912 1621 1433.9248
-400 T>C 1.08309828089789 5494 5072.48519999999
-400 T>G 1.20131510277739 2155 1793.8674
-410 C>A 1.07073201569223 3086 2882.1404
-410 C>G 1.18596662633439 3864 3258.10179999999
-410 C>T 1.12104395476815 9656 8613.40000000001
-410 CG>AC 0.944305381727157 1509 1598
-410 CG>GC 0.934196269071953 1595 1707.35
-410 CG>TC 0.799232373547925 4223 5283.82000000001
-410 T>A 1.08660114608842 1576 1450.3942
-410 T>C 1.09573523287332 5611 5120.7626
-410 T>G 1.22007724572544 2204 1806.443
-420 C>A 1.07381163051906 3092 2879.46219999999
-420 C>G 1.16998647128271 3809 3255.5932
-420 C>T 1.12688869320799 9662 8574.05
-420 CG>AC 0.930449665473782 1495 1606.75
-420 CG>GC 0.921296622303593 1570 1704.12
-420 CG>TC 0.790076891243015 4181 5291.89
-420 T>A 1.11802644004301 1613 1442.7208
-420 T>C 1.06450223605997 5452 5121.64260000001
-420 T>G 1.22309860719439 2211 1807.7038
-430 C>A 1.04007719947718 2981 2866.1334
-430 C>G 1.15918900151152 3773 3254.86180000001
-430 C>T 1.12219538579182 9627 8578.72
-430 CG>AC 0.937593759375938 1500 1599.84
-430 CG>GC 0.939022659539239 1588 1691.12
-430 CG>TC 0.77260443558736 4094 5298.96
-430 T>A 1.08321534931407 1562 1442.0032
-430 T>C 1.06711778685742 5469 5125.02000000001
-430 T>G 1.18280932364462 2147 1815.17
-440 C>A 1.05998678619773 3030 2858.5262
-440 C>G 1.15791304722629 3761 3248.08500000001
-440 C>T 1.10891938049511 9467 8537.13999999999
-440 CG>AC 0.928129006742491 1455 1567.67
-440 CG>GC 0.976826665865168 1625 1663.55
-440 CG>TC 0.792014734440985 4111 5190.56
-440 T>A 1.09455020981622 1596 1458.1332
-440 T>C 1.06513906791111 5487 5151.44
-440 T>G 1.24700688108074 2268 1818.75499999999
-450 C>A 1.03562057105198 2992 2889.08900000001
-450 C>G 1.18039620121451 3840 3253.14500000001
-450 C>T 1.09480120898865 9396 8582.38000000003
-450 CG>AC 0.921183969311265 1412 1532.81
-450 CG>GC 0.971682912826338 1574 1619.87
-450 CG>TC 0.812812318874633 4151 5106.96000000001
-450 T>A 1.11110578644451 1623 1460.707
-450 T>C 1.05177279076828 5405 5138.9426
-450 T>G 1.20405169687044 2201 1827.9946
-460 C>A 1.05296372508441 3006 2854.7992
-460 C>G 1.14212940437518 3692 3232.55840000001
-460 C>T 1.09752376481634 9352 8521
-460 CG>AC 0.910599798223061 1399 1536.35
-460 CG>GC 0.974962040412362 1586 1626.73
-460 CG>TC 0.778426574650758 4002 5141.14
-460 T>A 1.07348864726118 1575 1467.17899999999
-460 T>C 1.06354869992384 5525 5194.8726
-460 T>G 1.19475770379114 2194 1836.3556
-470 C>A 1.06160817439685 3054 2876.7676
-470 C>G 1.13101033945974 3697 3268.75879999999
-470 C>T 1.1057181859548 9477 8570.90000000001
-470 CG>AC 0.944386850817644 1412 1495.15
-470 CG>GC 0.953514589277054 1514 1587.81
-470 CG>TC 0.796706181655351 4021 5047.03
-470 T>A 1.09290167845472 1606 1469.4826
-470 T>C 1.07095274838571 5559 5190.70519999999
-470 T>G 1.18404824019875 2170 1832.6956
-480 C>A 1.04021809441248 2984 2868.6292
-480 C>G 1.14681901115369 3715 3239.39519999999
-480 C>T 1.10486746513444 9426 8531.33999999998
-480 CG>AC 0.948164293985423 1392 1468.1
-480 CG>GC 0.981221233111053 1520 1549.09
-480 CG>TC 0.782499083795464 3886 4966.13999999999
-480 T>A 1.09329057232377 1619 1480.8506
-480 T>C 1.05518531185107 5516 5227.5178
-480 T>G 1.17168772829603 2160 1843.4946
-490 C>A 1.04791653577936 2989 2852.32639999999
-490 C>G 1.13028944199479 3652 3231.03080000001
-490 C>T 1.07902242051166 9171 8499.36
-490 CG>AC 0.940942736322182 1364 1449.61
-490 CG>GC 0.979146956285075 1511 1543.18
-490 CG>TC 0.775451423507254 3780 4874.58000000001
-490 T>A 1.10611316799537 1648 1489.9018
-490 T>C 1.05314384606772 5572 5290.82519999999
-490 T>G 1.18598382749326 2200 1855
-50 C>A 1.18110185121491 3640 3081.868
-50 C>G 1.34202971660259 4662 3473.84259999999
-50 C>T 1.21043613203582 11232 9279.30000000001
-50 CG>AC 1.16630224019143 2827 2423.9
-50 CG>GC 1.0998536709505 2766 2514.88
-50 CG>TC 0.865436608588831 6418 7415.91
-50 T>A 1.46347933064115 1792 1224.47919999999
-50 T>C 1.28168712399188 5505 4295.11999999999
-50 T>G 1.63853403269642 2568 1567.25459999999
-500 C>A 1.03003153923607 2937 2851.369
-500 C>G 1.15266231715482 3706 3215.1654
-500 C>T 1.09798126089912 9287 8458.25000000001
-500 CG>AC 0.966801928157086 1420 1468.76
-500 CG>GC 0.965238501071769 1495 1548.84
-500 CG>TC 0.770355626865974 3793 4923.7
-500 T>A 1.05660328660082 1572 1487.7864
-500 T>C 1.09138229185087 5799 5313.44519999999
-500 T>G 1.13587918498977 2115 1861.9938
-510 C>A 1.02457730665371 2923 2852.88380000001
-510 C>G 1.14958052718535 3706 3223.78459999999
-510 C>T 1.10131328547472 9352 8491.67999999999
-510 CG>AC 0.892415857436219 1282 1436.55
-510 CG>GC 0.976895335473388 1479 1513.98
-510 CG>TC 0.809045153660893 3927 4853.87
-510 T>A 1.08507234796812 1622 1494.8312
-510 T>C 1.08263936023939 5710 5274.1478
-510 T>G 1.14976397379032 2143 1863.86079999999
-520 C>A 1.04334173078271 2935 2813.0764
-520 C>G 1.1361445386529 3624 3189.735
-520 C>T 1.08114788482174 9098 8415.13
-520 CG>AC 0.94585237501731 1366 1444.2
-520 CG>GC 0.976746006890072 1497 1532.64
-520 CG>TC 0.791780525142201 3874 4892.76999999999
-520 T>A 1.10545554594765 1665 1506.1664
-520 T>C 1.0422719306977 5556 5330.6626
-520 T>G 1.16990366724735 2190 1871.949
-530 C>A 1.04416784318475 2973 2847.2434
-530 C>G 1.13624791343141 3653 3214.9674
-530 C>T 1.08201590404433 9122 8430.56
-530 CG>AC 0.933961246719632 1299 1390.85
-530 CG>GC 0.946519610830134 1398 1476.99
-530 CG>TC 0.768147320140463 3594 4678.79
-530 T>A 1.02601405381262 1551 1511.6752
-530 T>C 1.05063655295688 5649 5376.7404
-530 T>G 1.20789768525378 2286 1892.5444
-540 C>A 1.02055328844166 2899 2840.616
-540 C>G 1.15833996998026 3722 3213.219
-540 C>T 1.07225736077824 9024 8415.88999999999
-540 CG>AC 0.952986931281992 1333 1398.76
-540 CG>GC 0.945660131782314 1395 1475.16
-540 CG>TC 0.79674123753574 3773 4735.54
-540 T>A 1.05105152897826 1585 1508.01359999999
-540 T>C 1.05969488145632 5703 5381.73780000001
-540 T>G 1.17162027648752 2206 1882.86259999999
-550 C>A 1.01875461462059 2865 2812.25720000001
-550 C>G 1.12715410364201 3588 3183.23819999999
-550 C>T 1.07683536333523 9047 8401.47
-550 CG>AC 0.972588683670477 1327 1364.4
-550 CG>GC 0.938771542446084 1352 1440.18
-550 CG>TC 0.799949101859904 3772 4715.29999999999
-550 T>A 1.07913749688355 1637 1516.9522
-550 T>C 1.07094403089393 5808 5423.2526
-550 T>G 1.13345260417853 2150 1896.85919999999
-560 C>A 1.00285721976586 2824 2815.9542
-560 C>G 1.11216218545405 3536 3179.3924
-560 C>T 1.09175888114428 9138 8369.98000000001
-560 CG>AC 0.988208370793614 1330 1345.87
-560 CG>GC 0.940335402679851 1339 1423.96
-560 CG>TC 0.778351407290958 3644 4681.68999999999
-560 T>A 1.08745295342009 1661 1527.4224
-560 T>C 1.06282312747264 5779 5437.4052
-560 T>G 1.18951347636733 2262 1901.6178
-570 C>A 1.0546200330887 2976 2821.8694
-570 C>G 1.17846017090215 3755 3186.3614
-570 C>T 1.10510652753257 9239 8360.27999999999
-570 CG>AC 0.95319263462444 1275 1337.61
-570 CG>GC 0.96567960583355 1370 1418.69
-570 CG>TC 0.79350305842832 3666 4620.01999999999
-570 T>A 1.04954979837596 1615 1538.755
-570 T>C 1.04587690193482 5718 5467.18260000002
-570 T>G 1.14339609028595 2187 1912.723
-580 C>A 1.01405476337701 2845 2805.5684
-580 C>G 1.14420167905913 3624 3167.2738
-580 C>T 1.06077771983144 8848 8341.04999999999
-580 CG>AC 0.930807185555225 1213 1303.17
-580 CG>GC 0.959192442991049 1317 1373.03
-580 CG>TC 0.789377603582441 3589 4546.62
-580 T>A 1.08412836079792 1667 1537.6408
-580 T>C 1.05808112749359 5792 5474.06039999999
-580 T>G 1.18573065036777 2265 1910.2146
-590 C>A 1.05052146948745 2915 2774.8124
-590 C>G 1.11547439151412 3514 3150.2292
-590 C>T 1.07187137543495 8844 8250.98999999999
-590 CG>AC 1.0028740438862 1319 1315.22
-590 CG>GC 0.953494451867774 1313 1377.04
-590 CG>TC 0.766096699391022 3535 4614.30000000001
-590 T>A 1.06033574677352 1645 1551.39539999999
-590 T>C 1.06071981609152 5840 5505.69520000001
-590 T>G 1.13410503134585 2179 1921.3388
-60 C>A 1.23315729481229 3788 3071.7898
-60 C>G 1.35586448709361 4705 3470.1108
-60 C>T 1.22585947870191 11350 9258.80999999997
-60 CG>AC 1.18182048488841 2799 2368.37999999999
-60 CG>GC 1.15411750792181 2830 2452.09
-60 CG>TC 0.860020196710427 6217 7228.9
-60 T>A 1.43786661170679 1786 1242.11799999999
-60 T>C 1.3027310249971 5692 4369.28260000001
-60 T>G 1.62761839150518 2570 1578.99419999999
-600 C>A 1.01242888631168 2815 2780.4422
-600 C>G 1.11561439331999 3510 3146.2484
-600 C>T 1.08936927508413 9035 8293.79000000001
-600 CG>AC 0.963040083289954 1221 1267.86
-600 CG>GC 0.988365568067039 1321 1336.55
-600 CG>TC 0.792608690705109 3483 4394.35
-600 T>A 1.0533846903222 1644 1560.6834
-600 T>C 1.07191647797241 5937 5538.67780000001
-600 T>G 1.1519749700864 2228 1934.06979999999
-610 C>A 1.04100285709906 2879 2765.6024
-610 C>G 1.12975872088673 3533 3127.21639999999
-610 C>T 1.07577237512879 8844 8221.06999999999
-610 CG>AC 0.928068785351734 1183 1274.69
-610 CG>GC 0.938565271583248 1250 1331.82
-610 CG>TC 0.787815938955874 3563 4522.63
-610 T>A 0.977575951219993 1520 1554.86639999999
-610 T>C 1.05564944310349 5860 5551.0852
-610 T>G 1.11487167687834 2163 1940.13359999999
-620 C>A 1.02768712538111 2881 2803.3824
-620 C>G 1.12621696113182 3552 3153.92159999999
-620 C>T 1.08673677533227 8977 8260.50999999999
-620 CG>AC 0.934654098098738 1170 1251.8
-620 CG>GC 0.9171175004559 1207 1316.08
-620 CG>TC 0.802555553301185 3560 4435.83
-620 T>A 1.08445358327406 1694 1562.077
-620 T>C 1.03828405477473 5785 5571.69300000002
-620 T>G 1.13598591109573 2205 1941.0452
-630 C>A 1.03269200640974 2870 2779.1442
-630 C>G 1.1288157167789 3549 3144.003
-630 C>T 1.07835958412538 8895 8248.64
-630 CG>AC 0.940152835937628 1154 1227.46
-630 CG>GC 0.985255827568676 1279 1298.14
-630 CG>TC 0.768113264777856 3368 4384.77
-630 T>A 1.03732719188001 1626 1567.49
-630 T>C 1.04685791157093 5847 5585.2852
-630 T>G 1.09258468998077 2123 1943.0988
-640 C>A 1.0120805616127 2794 2760.6498
-640 C>G 1.10559608027978 3472 3140.3874
-640 C>T 1.07522443504282 8857 8237.35
-640 CG>AC 0.8860108281139 1085 1224.59
-640 CG>GC 0.960765490489903 1231 1281.27
-640 CG>TC 0.796259106033692 3501 4396.81
-640 T>A 1.03484188866428 1622 1567.3892
-640 T>C 1.04899507773183 5868 5593.92519999998
-640 T>G 1.10922235336564 2157 1944.60559999999
-650 C>A 1.02598423227294 2822 2750.5296
-650 C>G 1.10896354369412 3471 3129.9496
-650 C>T 1.06602094770139 8752 8209.97
-650 CG>AC 0.885600996198716 1081 1220.64
-650 CG>GC 0.984382690489767 1260 1279.99
-650 CG>TC 0.802597230261667 3508 4370.81
-650 T>A 1.05730652374705 1658 1568.1356
-650 T>C 1.04348287685625 5850 5606.22520000001
-650 T>G 1.12114054961946 2177 1941.7726
-660 C>A 1.02545728599757 2822 2751.943
-660 C>G 1.11331834355694 3468 3115.012
-660 C>T 1.07856998586144 8811 8169.14999999998
-660 CG>AC 0.930547543203994 1113 1196.07
-660 CG>GC 0.911931840887475 1141 1251.19
-660 CG>TC 0.772371642128261 3316 4293.27
-660 T>A 1.01852050886828 1611 1581.70599999999
-660 T>C 1.03975476509735 5876 5651.3326
-660 T>G 1.08963225909275 2129 1953.8702
-670 C>A 1.02185413095671 2821 2760.668
-670 C>G 1.09013072591164 3400 3118.892
-670 C>T 1.06051474390556 8675 8179.98999999999
-670 CG>AC 0.91580250074681 1073 1171.65
-670 CG>GC 0.933572128982064 1152 1233.97
-670 CG>TC 0.782987173418613 3391 4330.85
-670 T>A 1.04526073848904 1653 1581.4236
-670 T>C 1.04860585790612 5954 5678.0152
-670 T>G 1.11059503598074 2185 1967.4138
-680 C>A 1.02047844303362 2827 2770.2692
-680 C>G 1.10615182305038 3471 3137.90560000001
-680 C>T 1.05099156012693 8621 8202.73000000001
-680 CG>AC 0.909380022863431 1058 1163.43
-680 CG>GC 0.972543776698079 1193 1226.68
-680 CG>TC 0.767702269911402 3284 4277.7
-680 T>A 1.01058946644654 1605 1588.182
-680 T>C 1.03895595605306 5925 5702.8404
-680 T>G 1.1049994462243 2165 1959.277
-690 C>A 1.0086539098586 2783 2759.1228
-690 C>G 1.11786148238153 3473 3106.82500000001
-690 C>T 1.0789626892585 8766 8124.46999999999
-690 CG>AC 0.889586603872317 1037 1165.71
-690 CG>GC 1.00530670094598 1220 1213.56
-690 CG>TC 0.782897144408635 3316 4235.55000000001
-690 T>A 1.05142544319705 1684 1601.6352
-690 T>C 1.05029207615461 6017 5728.8826
-690 T>G 1.06653564140614 2109 1977.4304
-70 C>A 1.24775018055347 3757 3011.01940000001
-70 C>G 1.39618008392231 4792 3432.222
-70 C>T 1.24625216116254 11389 9138.6
-70 CG>AC 1.23585742392386 2745 2221.13
-70 CG>GC 1.18191250216151 2734 2313.2
-70 CG>TC 0.879738746027839 6002 6822.47999999998
-70 T>A 1.5387613264646 1941 1261.40419999999
-70 T>C 1.33210007323415 5948 4465.13000000001
-70 T>G 1.6877377795765 2724 1613.99479999999
-700 C>A 1.02621277275728 2800 2728.479
-700 C>G 1.10387246455905 3424 3101.8076
-700 C>T 1.05554379035396 8573 8121.87999999998
-700 CG>AC 0.945181232397744 1084 1146.87
-700 CG>GC 0.952563824280778 1141 1197.82
-700 CG>TC 0.767886421400283 3269 4257.14
-700 T>A 1.04200386202821 1670 1602.6812
-700 T>C 1.03084570371513 5890 5713.7552
-700 T>G 1.1202423806338 2217 1979.036
-710 C>A 1.00535375381446 2769 2754.25439999999
-710 C>G 1.08669402747938 3374 3104.8298
-710 C>T 1.07570238696362 8777 8159.32
-710 CG>AC 0.922360445414926 1018 1103.69
-710 CG>GC 0.923510202671181 1069 1157.54
-710 CG>TC 0.795810796844317 3234 4063.78
-710 T>A 1.05298368345093 1681 1596.416
-710 T>C 1.03347742271324 5962 5768.873
-710 T>G 1.10813155810456 2198 1983.519
-720 C>A 0.996471168338547 2710 2719.59699999999
-720 C>G 1.11308856224272 3423 3075.227
-720 C>T 1.06547253298848 8618 8088.43
-720 CG>AC 0.923672221182049 1036 1121.61
-720 CG>GC 0.995369183711829 1165 1170.42
-720 CG>TC 0.775271488191964 3249 4190.79
-720 T>A 1.0530297762682 1678 1593.4972
-720 T>C 1.02206124859038 5875 5748.1878
-720 T>G 1.11329418602046 2206 1981.5068
-730 C>A 1.01283001316679 2756 2721.0884
-730 C>G 1.09572733577603 3357 3063.7184
-730 C>T 1.06547525281781 8590 8062.12999999999
-730 CG>AC 0.914897445124145 1017 1111.6
-730 CG>GC 0.989476584970979 1149 1161.22
-730 CG>TC 0.78035621816255 3240 4151.95
-730 T>A 1.04479242044243 1676 1604.1464
-730 T>C 1.04332032360261 6020 5770.03999999999
-730 T>G 1.04911223971324 2085 1987.3946
-740 C>A 0.993974847204918 2698 2714.3544
-740 C>G 1.10641093515123 3414 3085.6528
-740 C>T 1.08135369462512 8748 8089.86
-740 CG>AC 0.917713837593592 983 1071.14
-740 CG>GC 1.01604519774011 1124 1106.25
-740 CG>TC 0.78226562833959 3111 3976.91
-740 T>A 1.00609644045907 1637 1627.08059999999
-740 T>C 1.03352769343218 6007 5812.1326
-740 T>G 1.04256191548311 2086 2000.8404
-750 C>A 0.988907189355266 2668 2697.9276
-750 C>G 1.12550393219459 3439 3055.5202
-750 C>T 1.07561466366472 8628 8021.46
-750 CG>AC 0.955685814771394 1019 1066.25
-750 CG>GC 0.966854541707363 1079 1115.99
-750 CG>TC 0.76505478048396 3106 4059.84
-750 T>A 1.04778822212423 1708 1630.1004
-750 T>C 1.03273946789824 6031 5839.8078
-750 T>G 1.12316531721584 2243 1997.0346
-760 C>A 0.976160656134482 2628 2692.1798
-760 C>G 1.10310330101283 3361 3046.8588
-760 C>T 1.06018874676289 8503 8020.27
-760 CG>AC 0.984164570075479 1064 1081.12
-760 CG>GC 0.965694098237183 1077 1115.26
-760 CG>TC 0.762543920438658 3136 4112.55
-760 T>A 1.02543573623821 1664 1622.7248
-760 T>C 1.02520662126597 5986 5838.82299999999
-760 T>G 1.12489564161055 2255 2004.6304
-770 C>A 1.04101150179424 2823 2711.7856
-770 C>G 1.08421837738121 3335 3075.9486
-770 C>T 1.0679999702092 8604 8056.18000000001
-770 CG>AC 0.954046898638427 1009 1057.6
-770 CG>GC 1.00597673967465 1089 1082.53
-770 CG>TC 0.767240454405956 3075 4007.87
-770 T>A 1.01608150289088 1653 1626.838
-770 T>C 1.03596280138687 6066 5855.42259999999
-770 T>G 1.11603701790519 2237 2004.4138
-780 C>A 1.02611819229757 2783 2712.1632
-780 C>G 1.08171230660932 3321 3070.1324
-780 C>T 1.07593794532567 8645 8034.85000000001
-780 CG>AC 0.953217700185164 1009 1058.52
-780 CG>GC 0.983621599302656 1072 1089.85
-780 CG>TC 0.763924576036684 3092 4047.52
-780 T>A 1.015640492231 1641 1615.7292
-780 T>C 1.03080760635875 5991 5811.94779999998
-780 T>G 1.06544937576261 2132 2001.0336
-790 C>A 1.01809152705605 2757 2708.008
-790 C>G 1.08314463051537 3291 3038.37540000001
-790 C>T 1.06824039612608 8513 7969.17999999999
-790 CG>AC 0.964535670175852 984 1020.18
-790 CG>GC 0.956389395163565 1018 1064.42
-790 CG>TC 0.78192030648283 3135 4009.36
-790 T>A 1.01089287158418 1665 1647.0588
-790 T>C 1.0288467910345 6055 5885.23000000001
-790 T>G 1.10068587389191 2215 2012.3816
-80 C>A 1.25228953277543 3791 3027.2552
-80 C>G 1.40633808657808 4846 3445.82859999999
-80 C>T 1.25920907597733 11561 9181.16000000001
-80 CG>AC 1.17282973747604 2668 2274.84
-80 CG>GC 1.21330740473756 2895 2386.04
-80 CG>TC 0.887063386263109 6235 7028.80999999999
-80 T>A 1.44650322246996 1808 1249.91079999999
-80 T>C 1.33201526354936 5801 4355.0552
-80 T>G 1.66840029765265 2660 1594.3416
-800 C>A 0.99011597543559 2658 2684.53399999999
-800 C>G 1.05611416495544 3214 3043.23160000001
-800 C>T 1.07066972739739 8526 7963.24000000001
-800 CG>AC 0.97075814424394 978 1007.46
-800 CG>GC 0.984777225346977 1026 1041.86
-800 CG>TC 0.773224786066998 3102 4011.77
-800 T>A 1.0260463819161 1688 1645.1498
-800 T>C 1.03184633842198 6115 5926.26999999998
-800 T>G 1.11776751029028 2261 2022.782
-810 C>A 1.02156253246569 2769 2710.5536
-810 C>G 1.08568689064435 3324 3061.6562
-810 C>T 1.08493815328402 8694 8013.35999999999
-810 CG>AC 0.913354241837327 929 1017.13
-810 CG>GC 0.936783740858037 985 1051.47
-810 CG>TC 0.763594097432788 3022 3957.6
-810 T>A 1.03129778366727 1691 1639.6816
-810 T>C 1.02816249660642 6064 5897.9004
-810 T>G 1.09153020065156 2206 2021.01599999999
-820 C>A 0.994651746128291 2697 2711.5018
-820 C>G 1.0890465804035 3346 3072.4122
-820 C>T 1.07120509640348 8611 8038.61
-820 CG>AC 0.959592469371031 972 1012.93
-820 CG>GC 0.979291955610548 1021 1042.59
-820 CG>TC 0.774485315907829 3110 4015.57
-820 T>A 1.0444619908048 1699 1626.6748
-820 T>C 1.04246455908613 6151 5900.44040000002
-820 T>G 1.06959089865246 2149 2009.17939999999
-830 C>A 1.00621466221098 2698 2681.3364
-830 C>G 1.10496911399778 3369 3048.954
-830 C>T 1.05231006695719 8372 7955.82999999999
-830 CG>AC 0.96136838929177 924 961.130000000001
-830 CG>GC 0.970922127066321 975 1004.2
-830 CG>TC 0.788151465149963 2971 3769.58
-830 T>A 1.03217986070851 1701 1647.9686
-830 T>C 1.00264287065394 5977 5961.24519999999
-830 T>G 1.06201193180759 2154 2028.2258
-840 C>A 0.992164798721816 2668 2689.06940000001
-840 C>G 1.08995569192723 3332 3057.00500000001
-840 C>T 1.06293913135025 8481 7978.81999999999
-840 CG>AC 0.916760576249505 903 984.99
-840 CG>GC 0.954333938007728 968 1014.32
-840 CG>TC 0.776806417405336 3062 3941.77999999999
-840 T>A 0.994077359827518 1640 1649.771
-840 T>C 1.03284779981145 6121 5926.33300000001
-840 T>G 1.04125555844547 2117 2033.1224
-850 C>A 0.971979518441599 2597 2671.867
-850 C>G 1.06290210463851 3223 3032.26420000001
-850 C>T 1.07237386530893 8488 7915.15000000001
-850 CG>AC 0.92851757366687 899 968.21
-850 CG>GC 0.927072323720368 921 993.45
-850 CG>TC 0.757494793200795 2906 3836.32999999999
-850 T>A 0.995278688318283 1645 1652.8034
-850 T>C 1.0433339877573 6223 5964.53299999999
-850 T>G 1.03992267041195 2128 2046.306
-860 C>A 1.02571730166638 2775 2705.42380000001
-860 C>G 1.10223718741068 3362 3050.1602
-860 C>T 1.05303904362107 8406 7982.61000000001
-860 CG>AC 0.954819943722533 906 948.87
-860 CG>GC 0.934348376994632 907 970.730000000001
-860 CG>TC 0.752854639329189 2874 3817.47
-860 T>A 1.01208231489904 1673 1653.0276
-860 T>C 1.02667938559235 6155 5995.05560000001
-860 T>G 1.05698138654799 2158 2041.6632
-870 C>A 1.00739826167092 2718 2698.0392
-870 C>G 1.10454667451216 3359 3041.0666
-870 C>T 1.04365479688959 8328 7979.65000000001
-870 CG>AC 0.893880844197205 842 941.96
-870 CG>GC 0.98659852948845 946 958.85
-870 CG>TC 0.785537671539813 2980 3793.58
-870 T>A 1.02133670678131 1704 1668.40179999999
-870 T>C 1.01052811613558 6088 6024.57259999997
-870 T>G 1.06113913677897 2168 2043.0874
-880 C>A 0.976565487071552 2618 2680.82379999999
-880 C>G 1.10437456905169 3351 3034.29659999999
-880 C>T 1.04148474084759 8289 7958.82999999999
-880 CG>AC 0.903042340963606 832 921.330000000001
-880 CG>GC 1.01153768588199 953 942.13
-880 CG>TC 0.784272079223692 2954 3766.55
-880 T>A 0.961521473118206 1600 1664.0294
-880 T>C 1.03799183735912 6215 5987.52300000001
-880 T>G 1.02587690258417 2101 2048.004
-890 C>A 1.02273635414675 2731 2670.2874
-890 C>G 1.08777831437659 3266 3002.45
-890 C>T 1.04834182928347 8255 7874.33999999999
-890 CG>AC 0.974762550881952 898 921.250000000002
-890 CG>GC 0.938543931279496 885 942.949999999999
-890 CG>TC 0.811364508613653 3002 3699.94
-890 T>A 1.00594971253213 1687 1677.0222
-890 T>C 1.01594775778239 6122 6025.9004
-890 T>G 1.07359519387543 2206 2054.7782
-90 C>A 1.22077979173732 3732 3057.06240000001
-90 C>G 1.39734573066246 4837 3461.5628
-90 C>T 1.26180395496304 11617 9206.66000000001
-90 CG>AC 1.1924577373212 2751 2307
-90 CG>GC 1.16538423269543 2811 2412.08
-90 CG>TC 0.882278338312385 6261 7096.39999999999
-90 T>A 1.41137911446133 1769 1253.384
-90 T>C 1.28356168883367 5619 4377.66260000001
-90 T>G 1.5676346426055 2514 1603.68999999999
-900 C>A 1.0179344258689 2721 2673.0602
-900 C>G 1.09772715165222 3334 3037.1846
-900 C>T 1.04411239079888 8267 7917.73000000002
-900 CG>AC 0.972456014324159 907 932.69
-900 CG>GC 0.941637240502902 904 960.029999999999
-900 CG>TC 0.784040716926623 3007 3835.26
-900 T>A 1.024316481648 1708 1667.4534
-900 T>C 1.01715848945281 6118 6014.7952
-900 T>G 1.07649725061529 2207 2050.16779999999
-910 C>A 0.996576148666102 2645 2654.0872
-910 C>G 1.05177138271191 3160 3004.4552
-910 C>T 1.04541319711707 8217 7860.04999999999
-910 CG>AC 0.901048851518537 823 913.379999999999
-910 CG>GC 0.958880809627079 902 940.679999999999
-910 CG>TC 0.78548644338118 2955 3762
-910 T>A 1.01938894504358 1706 1673.5516
-910 T>C 1.03271223401998 6202 6005.54520000002
-910 T>G 1.09592880721721 2249 2052.1406
-920 C>A 1.00743164533393 2701 2681.0752
-920 C>G 1.08009506422996 3268 3025.6596
-920 C>T 1.06081974271144 8402 7920.28999999997
-920 CG>AC 0.929600071336215 834 897.160000000002
-920 CG>GC 0.930222472787199 858 922.359999999999
-920 CG>TC 0.803432750456065 2964 3689.17
-920 T>A 1.03185054494757 1724 1670.7846
-920 T>C 1.00894630091155 6068 6014.1952
-920 T>G 1.06117790845598 2171 2045.8398
-930 C>A 1.00976931224979 2698 2671.8974
-930 C>G 1.07863204296636 3241 3004.7318
-930 C>T 1.03189743472582 8130 7878.68999999999
-930 CG>AC 0.892897154380461 797 892.6
-930 CG>GC 0.958589378565853 872 909.67
-930 CG>TC 0.79112600543427 2932 3706.11
-930 T>A 1.02886085692916 1728 1679.5274
-930 T>C 1.01217722207663 6100 6026.61260000001
-930 T>G 1.10303161116507 2269 2057.05799999999
-940 C>A 0.98143362518921 2590 2638.9966
-940 C>G 1.09790351019553 3277 2984.7796
-940 C>T 1.0348864734145 8088 7815.35
-940 CG>AC 0.908532702628945 799 879.440000000001
-940 CG>GC 0.998190155779843 899 900.63
-940 CG>TC 0.788688617852336 2842 3603.45
-940 T>A 1.03434033640259 1744 1686.0988
-940 T>C 1.02761125353935 6220 6052.87259999999
-940 T>G 1.07562282242073 2221 2064.8502
-950 C>A 1.01707113620198 2689 2643.8662
-950 C>G 1.07059929456947 3198 2987.112
-950 C>T 1.03623488503588 8082 7799.38999999999
-950 CG>AC 0.939238661469237 812 864.53
-950 CG>GC 0.976766347506466 861 881.48
-950 CG>TC 0.802716633048149 2917 3633.91
-950 T>A 0.988915005220168 1665 1683.66339999999
-950 T>C 1.01961205356313 6169 6050.34040000001
-950 T>G 1.05214284491105 2175 2067.2098
-960 C>A 1.01481983259086 2696 2656.6292
-960 C>G 1.06265119718264 3191 3002.8668
-960 C>T 1.04529040579094 8218 7861.93000000001
-960 CG>AC 0.960279859606852 829 863.290000000001
-960 CG>GC 0.99891916491268 878 878.95
-960 CG>TC 0.788585740926069 2884 3657.18
-960 T>A 1.04147188947661 1740 1670.7124
-960 T>C 1.01979869637278 6160 6040.40780000001
-960 T>G 1.04068164306733 2137 2053.4618
-970 C>A 1.00768047016108 2663 2642.7028
-970 C>G 1.03461946266052 3079 2975.9734
-970 C>T 1.03256879613356 8031 7777.69
-970 CG>AC 0.937762263278883 771 822.17
-970 CG>GC 0.923492137995774 787 852.200000000002
-970 CG>TC 0.775744142958564 2688 3465.06
-970 T>A 1.00348007363435 1694 1688.1252
-970 T>C 0.999444931223279 6100 6103.3878
-970 T>G 1.04302497292907 2164 2074.7346
-980 C>A 1.00862541570724 2660 2637.25259999999
-980 C>G 1.07230810261888 3198 2982.3518
-980 C>T 1.0151286163716 7899 7781.27999999999
-980 CG>AC 0.953076501734525 783 821.550000000001
-980 CG>GC 1.01249053747161 856 845.439999999999
-980 CG>TC 0.772643086744316 2745 3552.74
-980 T>A 1.06524482857294 1804 1693.5074
-980 T>C 1.0056057682203 6130 6095.82820000001
-980 T>G 1.02598686446713 2122 2068.2526
-990 C>A 1.00416645778086 2652 2640.9964
-990 C>G 1.08635541613436 3246 2987.9724
-990 C>T 1.05105663849221 8191 7793.11000000001
-990 CG>AC 0.900627526187383 742 823.870000000001
-990 CG>GC 0.955459259785467 807 844.619999999999
-990 CG>TC 0.782481087784089 2890 3693.38
-990 T>A 1.02805895832207 1735 1687.6464
-990 T>C 1.01535573433426 6191 6097.37040000001
-990 T>G 1.06178411880827 2193 2065.3916
0 C>A 1.15205798140157 3202 2779.374
0 C>G 1.28129830752663 4022 3139.0036
0 C>T 1.18831765248966 9988 8405.15999999999
0 CG>AC 1.17403900666479 2630 2240.13
0 CG>GC 1.08466844729497 2530 2332.51
0 CG>TC 0.827839256216469 5663 6840.7
0 T>A 1.56440535815255 1706 1090.5102
0 T>C 1.28477169939904 4977 3873.84000000001
0 T>G 1.61321973463724 2241 1389.14739999999
10 C>A 1.18743740281965 3631 3057.8454
10 C>G 1.29043004530952 4484 3474.81059999999
10 C>T 1.18745492089188 11047 9303.08999999999
10 CG>AC 1.18816635116042 3019 2540.89
10 CG>GC 1.07317520129193 2811 2619.33
10 CG>TC 0.836469177409517 6473 7738.48
10 T>A 1.50227505130701 1812 1206.1706
10 T>C 1.2832103385685 5493 4280.66999999999
10 T>G 1.66895360647717 2562 1535.09359999999
100 C>A 1.23697030772215 3718 3005.731
100 C>G 1.39264976112159 4699 3374.14340000001
100 C>T 1.25780885986781 11392 9057.02000000001
100 CG>AC 1.13033316932593 2573 2276.32
100 CG>GC 1.18025481441771 2818 2387.62
100 CG>TC 0.892080897407173 6331 7096.89000000001
100 T>A 1.38780841827509 1739 1253.05479999999
100 T>C 1.30043392440379 5690 4375.46260000001
100 T>G 1.59595808743218 2522 1580.242
1000 C>A 1.02361177644116 1615 1577.7466
1000 C>G 1.09545930408582 1922 1754.5152
1000 C>T 1.03493604977285 4834 4670.81999999999
1000 CG>AC 0.993611018918022 479 482.08
1000 CG>GC 1.05338223308883 517 490.8
1000 CG>TC 0.785627717972481 1653 2104.05
1000 T>A 1.00500356716681 1012 1006.9616
1000 T>C 1.00124200780729 3682 3677.43260000001
1000 T>G 1.07278310026466 1312 1222.9872
110 C>A 1.24249188863786 3763 3028.5912
110 C>G 1.40695546490547 4757 3381.0594
110 C>T 1.24378794572282 11290 9077.10999999997
110 CG>AC 1.10503753770782 2436 2204.45
110 CG>GC 1.13435575455029 2645 2331.72
110 CG>TC 0.865650367640668 5976 6903.48
110 T>A 1.36644294058521 1711 1252.1562
110 T>C 1.32887041466942 5844 4397.72
110 T>G 1.50232389344713 2377 1582.2154
120 C>A 1.23571575387732 3719 3009.5918
120 C>G 1.36321597584808 4600 3374.37360000001
120 C>T 1.24597669533352 11234 9016.21999999999
120 CG>AC 1.11604300449328 2454 2198.84
120 CG>GC 1.15151541328864 2666 2315.21
120 CG>TC 0.870282776869728 6022 6919.59
120 T>A 1.3711707899637 1733 1263.88339999999
120 T>C 1.29827611766373 5731 4414.3152
120 T>G 1.55392782243752 2476 1593.38159999999
130 C>A 1.21289409706555 3664 3020.87380000001
130 C>G 1.36910197565582 4600 3359.86659999999
130 C>T 1.22880581389552 11092 9026.65
130 CG>AC 1.08610155849857 2375 2186.72
130 CG>GC 1.10109981448396 2570 2334.03
130 CG>TC 0.860603546977591 5893 6847.52
130 T>A 1.35028813573349 1697 1256.76879999999
130 T>C 1.24380365816602 5485 4409.86000000001
130 T>G 1.46597703744012 2325 1585.97299999999
140 C>A 1.20945595698128 3637 3007.1372
140 C>G 1.38801556056387 4655 3353.70880000001
140 C>T 1.21533713727493 10948 9008.20000000002
140 CG>AC 1.11008806100527 2351 2117.85
140 CG>GC 1.09892566380386 2458 2236.73
140 CG>TC 0.877070778338523 5855 6675.63000000001
140 T>A 1.2732463985485 1616 1269.1966
140 T>C 1.21917208250348 5432 4455.4826
140 T>G 1.47039885768896 2359 1604.32659999999
150 C>A 1.1912722968525 3566 2993.4382
150 C>G 1.36339643014511 4533 3324.785
150 C>T 1.19969879046945 10738 8950.57999999998
150 CG>AC 1.04070678763122 2191 2105.3
150 CG>GC 1.0589372153575 2367 2235.26
150 CG>TC 0.848779502698402 5632 6635.40999999999
150 T>A 1.25261259755686 1607 1282.91859999999
150 T>C 1.21474202351387 5444 4481.61
150 T>G 1.40670535781005 2259 1605.87999999999
160 C>A 1.14616688949359 3441 3002.1806
160 C>G 1.32584697678756 4430 3341.26040000001
160 C>T 1.18772803875779 10635 8954.07
160 CG>AC 1.04317997405412 2147 2058.13
160 CG>GC 1.07624754150848 2353 2186.3
160 CG>TC 0.839716921754349 5470 6514.1
160 T>A 1.24220010273415 1598 1286.42719999999
160 T>C 1.18443511550891 5320 4491.59260000001
160 T>G 1.43646685718667 2316 1612.28919999999
170 C>A 1.15020126017986 3445 2995.128
170 C>G 1.29909918524795 4331 3333.8486
170 C>T 1.18990669414726 10646 8946.92
170 CG>AC 1.03690134254581 2083 2008.87
170 CG>GC 1.04986509070199 2249 2142.18
170 CG>TC 0.837672521957339 5341 6376.00000000001
170 T>A 1.26410953459046 1641 1298.147
170 T>C 1.19777404822895 5424 4528.4
170 T>G 1.36762506656488 2240 1637.87579999999
180 C>A 1.14032141391208 3376 2960.5688
180 C>G 1.28059061033715 4208 3285.9838
180 C>T 1.18082632964528 10442 8842.95999999998
180 CG>AC 0.994734918455444 2014 2024.66
180 CG>GC 1.02221686031404 2203 2155.12
180 CG>TC 0.834835900637257 5269 6311.42
180 T>A 1.23272834543094 1603 1300.3676
180 T>C 1.17491060448505 5363 4564.60259999999
180 T>G 1.33097204287427 2181 1638.652
190 C>A 1.12941121632032 3334 2951.9806
190 C>G 1.25917952532068 4135 3283.88440000001
190 C>T 1.19847203866973 10592 8837.92
190 CG>AC 1.00462146209028 1976 1966.91
190 CG>GC 0.993673579663642 2078 2091.23
190 CG>TC 0.822264793189638 5155 6269.27
190 T>A 1.17022960332578 1532 1309.1448
190 T>C 1.15148877485643 5290 4594.0526
190 T>G 1.34295579755176 2203 1640.4114
20 C>A 1.14121328251209 3507 3073.04519999999
20 C>G 1.29576012226365 4508 3479.03899999999
20 C>T 1.18505658436214 11058 9331.20000000004
20 CG>AC 1.15309205451273 2870 2488.96
20 CG>GC 1.12122298234405 2878 2566.84
20 CG>TC 0.855223532419811 6489 7587.49000000001
20 T>A 1.54644020000517 1879 1215.0486
20 T>C 1.27437979949944 5466 4289.14520000001
20 T>G 1.65868722869102 2562 1544.595
200 C>A 1.11309349380369 3275 2942.2506
200 C>G 1.29020553861189 4233 3280.8726
200 C>T 1.16268011918886 10270 8833.04
200 CG>AC 0.990149335664692 1948 1967.38
200 CG>GC 1.00814547123272 2109 2091.96
200 CG>TC 0.829790075015726 5158 6216.03
200 T>A 1.22588988975586 1626 1326.38339999999
200 T>C 1.13626991555504 5307 4670.54520000002
200 T>G 1.31495736038815 2187 1663.1718
210 C>A 1.0844954472827 3208 2958.0576
210 C>G 1.25612625086311 4111 3272.76020000001
210 C>T 1.15074903176712 10132 8804.7
210 CG>AC 0.965628294021368 1823 1887.89
210 CG>GC 0.9995066600888 2026 2027
210 CG>TC 0.798246448139392 4869 6099.62000000001
210 T>A 1.16258021840937 1553 1335.8218
210 T>C 1.13276612985687 5302 4680.5778
210 T>G 1.30257407150273 2167 1663.62899999999
220 C>A 1.12542122544431 3310 2941.121
220 C>G 1.21592475331854 3987 3278.9858
220 C>T 1.14569166987628 10084 8801.67000000001
220 CG>AC 0.998322014429618 1886 1889.17
220 CG>GC 0.956514037729166 1944 2032.38
220 CG>TC 0.815311461061651 4993 6124.04000000001
220 T>A 1.18752277337977 1580 1330.5008
220 T>C 1.16660518063211 5465 4684.53260000001
220 T>G 1.34179625408582 2226 1658.9702
230 C>A 1.09680452118637 3246 2959.5064
230 C>G 1.20352633828978 3934 3268.7278
230 C>T 1.12951003870206 9952 8810.89999999999
230 CG>AC 0.955464308275426 1815 1899.6
230 CG>GC 0.980984818326132 1996 2034.69
230 CG>TC 0.795208197740139 4875 6130.47000000001
230 T>A 1.09872246495684 1464 1332.4566
230 T>C 1.1180052634612 5238 4685.13000000001
230 T>G 1.32522884410208 2203 1662.35439999999
240 C>A 1.0483589241385 3112 2968.449
240 C>G 1.25134824603247 4097 3274.0686
240 C>T 1.13886204740522 10018 8796.50000000001
240 CG>AC 0.953289351667857 1799 1887.15
240 CG>GC 0.969855441331451 1951 2011.64
240 CG>TC 0.782212387919218 4737 6055.90000000001
240 T>A 1.12128750470761 1497 1335.0724
240 T>C 1.1202295478394 5284 4716.8904
240 T>G 1.30156639224759 2169 1666.45359999999
250 C>A 1.04259609652559 3104 2977.1836
250 C>G 1.23440305997951 4053 3283.36839999999
250 C>T 1.12884470456915 9931 8797.48999999998
250 CG>AC 0.936961247282814 1750 1867.74
250 CG>GC 0.964134207481683 1925 1996.61
250 CG>TC 0.800227014755959 4794 5990.8
250 T>A 1.18058784529601 1593 1349.32779999999
250 T>C 1.11562557229313 5239 4696.02000000001
250 T>G 1.36210074133007 2275 1670.2142
260 C>A 1.08962747752748 3249 2981.753
260 C>G 1.2141052867469 3981 3278.9578
260 C>T 1.11955412441703 9895 8838.33999999998
260 CG>AC 0.947862199556731 1762 1858.92
260 CG>GC 0.937861053900637 1867 1990.7
260 CG>TC 0.789821424368461 4698 5948.18000000001
260 T>A 1.12121270366028 1505 1342.2966
260 T>C 1.07128548649109 5042 4706.4952
260 T>G 1.28158315325724 2141 1670.58999999999
270 C>A 1.06395608141776 3126 2938.09119999999
270 C>G 1.22552663244448 3990 3255.7432
270 C>T 1.11079015782149 9729 8758.62999999998
270 CG>AC 0.987260976818282 1853 1876.91
270 CG>GC 0.959712983033112 1926 2006.85
270 CG>TC 0.784661572052402 4715 6008.96
270 T>A 1.19154197454378 1599 1341.9586
270 T>C 1.08688288593446 5134 4723.6
270 T>G 1.25940264013973 2100 1667.4572
280 C>A 1.09910121536888 3264 2969.6992
280 C>G 1.18489373753282 3881 3275.3992
280 C>T 1.13376959366915 9983 8805.14
280 CG>AC 0.962991141785773 1772 1840.1
280 CG>GC 0.979281690784694 1928 1968.79
280 CG>TC 0.776246813627933 4583 5904.05
280 T>A 1.20138219583024 1605 1335.9612
280 T>C 1.11037559959015 5259 4736.23520000001
280 T>G 1.31007748035544 2186 1668.60359999999
290 C>A 1.05745910654084 3112 2942.9034
290 C>G 1.19591277490585 3900 3261.1074
290 C>T 1.13957447973963 9986 8762.92000000001
290 CG>AC 0.975425826652895 1785 1829.97
290 CG>GC 0.931932859643703 1810 1942.2
290 CG>TC 0.781465430665583 4591 5874.85999999999
290 T>A 1.17745341945367 1589 1349.5226
290 T>C 1.10140029668184 5252 4768.47519999999
290 T>G 1.35868305454774 2286 1682.5116
30 C>A 1.14991609144698 3516 3057.6144
30 C>G 1.32460204896168 4563 3444.80820000001
30 C>T 1.19382052822426 11049 9255.15999999999
30 CG>AC 1.17949457096185 2946 2497.68
30 CG>GC 1.09372082892526 2812 2571.04
30 CG>TC 0.836343899775407 6364 7609.31
30 T>A 1.52277324267522 1849 1214.23199999999
30 T>C 1.28903430020547 5571 4321.84000000001
30 T>G 1.62744878470924 2523 1550.27919999999
300 C>A 1.09024583368878 3190 2925.9456
300 C>G 1.22293350882788 3970 3246.2926
300 C>T 1.12966095293899 9871 8738.02000000002
300 CG>AC 0.974887566691807 1745 1789.95
300 CG>GC 0.987243895444552 1859 1883.02
300 CG>TC 0.78515470830874 4496 5726.25999999999
300 T>A 1.16606390988635 1606 1377.283
300 T>C 1.10430394812237 5340 4835.62519999999
300 T>G 1.29692921652454 2211 1704.7962
310 C>A 1.06411090332547 3141 2951.76
310 C>G 1.19703931456028 3892 3251.35520000001
310 C>T 1.13763808909726 9951 8747.07000000001
310 CG>AC 0.978864404777307 1740 1777.57
310 CG>GC 0.962719762762127 1818 1888.4
310 CG>TC 0.790402480572407 4517 5714.81
310 T>A 1.20234369894941 1656 1377.30999999999
310 T>C 1.10305072432495 5347 4847.4652
310 T>G 1.30822785685211 2233 1706.88919999999
320 C>A 1.05921406248249 3101 2927.64240000001
320 C>G 1.15488888673707 3745 3242.7362
320 C>T 1.12208587831765 9788 8723.04
320 CG>AC 0.957327062599605 1718 1794.58
320 CG>GC 0.975484734840758 1865 1911.87
320 CG>TC 0.807463235420469 4699 5819.46
320 T>A 1.1020419042464 1505 1365.64679999999
320 T>C 1.09043504581031 5254 4818.26040000001
320 T>G 1.30685619516976 2219 1697.968
330 C>A 1.06545447658216 3139 2946.1606
330 C>G 1.18942316971747 3870 3253.678
330 C>T 1.11176400651168 9725 8747.36
330 CG>AC 0.980352440753495 1694 1727.95
330 CG>GC 0.968567548117246 1790 1848.09
330 CG>TC 0.788679996870178 4435 5623.31999999999
330 T>A 1.15731087738549 1593 1376.4668
330 T>C 1.08099720337948 5261 4866.8026
330 T>G 1.33063548694299 2275 1709.7094
340 C>A 1.06082826746685 3115 2936.3848
340 C>G 1.20598976352686 3917 3247.95460000001
340 C>T 1.11009069916864 9658 8700.19
340 CG>AC 0.992122729256139 1728 1741.72
340 CG>GC 0.973013857748723 1801 1850.95
340 CG>TC 0.773163164574813 4386 5672.8
340 T>A 1.14990441419557 1584 1377.5058
340 T>C 1.08923621310143 5331 4894.2552
340 T>G 1.25736953410477 2163 1720.258
350 C>A 1.05418676394385 3100 2940.6554
350 C>G 1.1963823652749 3904 3263.17080000001
350 C>T 1.12368676330624 9823 8741.76000000003
350 CG>AC 0.981893576165962 1667 1697.74
350 CG>GC 0.964047789462093 1751 1816.3
350 CG>TC 0.784697942339657 4381 5583.04
350 T>A 1.11049560385781 1548 1393.9722
350 T>C 1.08728724088844 5351 4921.42259999999
350 T>G 1.25740066390293 2176 1730.5542
360 C>A 1.06377167434787 3108 2921.6796
360 C>G 1.18799812146058 3843 3234.8536
360 C>T 1.12619348901415 9790 8692.99999999998
360 CG>AC 0.93096276728248 1607 1726.17
360 CG>GC 0.971537001897532 1792 1844.5
360 CG>TC 0.795473256128933 4493 5648.21
360 T>A 1.15057095836288 1614 1402.7818
360 T>C 1.11114880465072 5483 4934.5326
360 T>G 1.25422338164091 2167 1727.76239999999
370 C>A 1.06719442303709 3139 2941.3572
370 C>G 1.19704487252898 3903 3260.52940000001
370 C>T 1.10185895747191 9620 8730.7
370 CG>AC 0.963556291194987 1630 1691.65
370 CG>GC 0.948714653674452 1698 1789.79
370 CG>TC 0.808391404814324 4443 5496.09999999999
370 T>A 1.16550947377426 1635 1402.82
370 T>C 1.07040662038467 5267 4920.56000000001
370 T>G 1.23827291167056 2154 1739.5196
380 C>A 1.07345511690717 3152 2936.31279999999
380 C>G 1.19124922767959 3858 3238.61700000001
380 C>T 1.11940427304305 9729 8691.23000000001
380 CG>AC 0.973620117961207 1659 1703.95
380 CG>GC 0.966385399774618 1758 1819.15
380 CG>TC 0.774133739195604 4359 5630.81
380 T>A 1.15185294696432 1612 1399.4842
380 T>C 1.08302843068978 5354 4943.54520000001
380 T>G 1.23607338070922 2140 1731.2888
390 C>A 1.07186184640788 3113 2904.2922
390 C>G 1.22682019699582 3949 3218.8906
390 C>T 1.11337414509391 9621 8641.30000000002
390 CG>AC 0.995052126125139 1635 1643.13
390 CG>GC 0.993158494868871 1742 1754
390 CG>TC 0.770230243236398 4197 5449.02
390 T>A 1.09773963056085 1555 1416.5472
390 T>C 1.10943375850847 5523 4978.2152
390 T>G 1.24757055057163 2184 1750.60239999999
40 C>A 1.18799123404989 3651 3073.255
40 C>G 1.33670486086859 4639 3470.47439999999
40 C>T 1.20551645359798 11229 9314.68
40 CG>AC 1.18278822283207 2892 2445.07
40 CG>GC 1.10804202316743 2796 2523.37
40 CG>TC 0.85046104290443 6400 7525.33000000001
40 T>A 1.55778924043309 1906 1223.5288
40 T>C 1.3093893982276 5633 4302.00520000001
40 T>G 1.69259012222162 2631 1554.42239999999
400 C>A 1.06085516165509 3077 2900.4902
400 C>G 1.24539868442083 4002 3213.4288
400 C>T 1.12891000871696 9726 8615.38999999999
400 CG>AC 0.988785127486623 1602 1620.17
400 CG>GC 0.953002306778201 1636 1716.68
400 CG>TC 0.799098433975352 4297 5377.31
400 T>A 1.08561998059269 1541 1419.4654
400 T>C 1.08232981851086 5439 5025.27039999999
400 T>G 1.2696180514363 2226 1753.2832
410 C>A 1.06498895589941 3096 2907.0724
410 C>G 1.18896493744576 3823 3215.4018
410 C>T 1.1079120280609 9520 8592.74
410 CG>AC 0.942295118031323 1542 1636.43
410 CG>GC 0.985380083378313 1716 1741.46
410 CG>TC 0.772963275566615 4231 5473.73999999999
410 T>A 1.11014837319322 1579 1422.3324
410 T>C 1.06160820370264 5319 5010.323
410 T>G 1.21883943746012 2144 1759.0504
420 C>A 1.07387641711486 3112 2897.9126
420 C>G 1.17651627319601 3769 3203.5256
420 C>T 1.11674228791325 9594 8591.06000000002
420 CG>AC 0.934760588742856 1495 1599.34
420 CG>GC 0.958778985827514 1627 1696.95
420 CG>TC 0.770370260366585 4150 5387.02
420 T>A 1.07181151087857 1535 1432.1548
420 T>C 1.07817345189112 5449 5053.9178
420 T>G 1.22564246624925 2178 1777.0272
430 C>A 1.07355775916507 3054 2844.74680000001
430 C>G 1.21221151615412 3853 3178.4882
430 C>T 1.10577909027521 9436 8533.35000000002
430 CG>AC 0.98503408268701 1552 1575.58
430 CG>GC 0.975665131174084 1633 1673.73
430 CG>TC 0.774957609156423 4095 5284.15999999999
430 T>A 1.13406280228034 1628 1435.54659999999
430 T>C 1.06482097697325 5440 5108.84
430 T>G 1.28067022229508 2275 1776.41359999999
440 C>A 1.05984356055122 3047 2874.9526
440 C>G 1.19077105107474 3774 3169.375
440 C>T 1.10474949367118 9393 8502.38
440 CG>AC 0.99782525265447 1560 1563.4
440 CG>GC 0.983448830213497 1615 1642.18
440 CG>TC 0.78953586433046 4110 5205.59
440 T>A 1.09336702687922 1577 1442.33359999999
440 T>C 1.08564472710019 5582 5141.6452
440 T>G 1.21533030761473 2169 1784.7
450 C>A 1.05646817191652 3055 2891.71040000001
450 C>G 1.22090920241127 3914 3205.80760000001
450 C>T 1.1189004143556 9570 8553.04
450 CG>AC 0.984183696840011 1504 1528.17
450 CG>GC 0.967217589835219 1559 1611.84
450 CG>TC 0.794539333764628 4102 5162.74000000001
450 T>A 1.11582852477526 1616 1448.25119999999
450 T>C 1.06029527689896 5462 5151.3952
450 T>G 1.17690180237456 2107 1790.2938
460 C>A 1.0700847630537 3087 2884.8182
460 C>G 1.16673278256784 3727 3194.3904
460 C>T 1.10834347741447 9451 8527.13999999999
460 CG>AC 0.937469097142102 1422 1516.85
460 CG>GC 0.960435779816515 1541 1604.48
460 CG>TC 0.788750990736495 4110 5210.76999999999
460 T>A 1.13915780884753 1653 1451.072
460 T>C 1.06985120706659 5489 5130.61999999999
460 T>G 1.24322378721646 2223 1788.0932
470 C>A 1.02764893876474 2915 2836.57180000001
470 C>G 1.19068233509996 3775 3170.45099999999
470 C>T 1.10270550527903 9358 8486.40000000001
470 CG>AC 0.981804073204576 1493 1520.67
470 CG>GC 0.984015984015985 1576 1601.6
470 CG>TC 0.770599496688332 3993 5181.68000000001
470 T>A 1.10325303811753 1600 1450.2566
470 T>C 1.08178382682182 5579 5157.22260000001
470 T>G 1.21586403064067 2176 1789.6738
480 C>A 1.05616290391639 3004 2844.2582
480 C>G 1.17636079555419 3716 3158.8948
480 C>T 1.11386079940076 9398 8437.31999999999
480 CG>AC 0.933252995916181 1394 1493.7
480 CG>GC 0.947490600792309 1502 1585.24
480 CG>TC 0.796010338917239 4059 5099.17999999999
480 T>A 1.15314218979249 1692 1467.2952
480 T>C 1.07638507941279 5604 5206.31519999998
480 T>G 1.20661223504806 2184 1810.0264
490 C>A 1.04407554398088 2980 2854.1996
490 C>G 1.15755827310411 3657 3159.2362
490 C>T 1.10177033978531 9334 8471.82000000002
490 CG>AC 0.971726598956905 1416 1457.2
490 CG>GC 0.949235139290648 1457 1534.92
490 CG>TC 0.790418000193966 3912 4949.28000000001
490 T>A 1.09156458819753 1599 1464.8698
490 T>C 1.05095516899144 5464 5199.07999999999
490 T>G 1.22197625134024 2206 1805.2724
50 C>A 1.20304979704787 3656 3038.94320000001
50 C>G 1.33986761398341 4607 3438.39940000001
50 C>T 1.23790876033488 11418 9223.62000000001
50 CG>AC 1.14789431622793 2844 2477.58
50 CG>GC 1.11809623349375 2867 2564.18
50 CG>TC 0.867941473538386 6591 7593.82999999999
50 T>A 1.49066407512815 1802 1208.85719999999
50 T>C 1.26834518961036 5426 4278.01520000001
50 T>G 1.67798207315822 2587 1541.73279999999
500 C>A 1.04519515990317 2950 2822.4394
500 C>G 1.15694378622174 3634 3141.03420000001
500 C>T 1.09686362023345 9211 8397.58000000001
500 CG>AC 0.964377091123793 1421 1473.49
500 CG>GC 0.949866044532181 1482 1560.22
500 CG>TC 0.771395706430866 3903 5059.66000000001
500 T>A 1.11284067664543 1627 1462.0242
500 T>C 1.0744930695197 5600 5211.76000000001
500 T>G 1.19021286904499 2147 1803.879
510 C>A 1.0263854937892 2918 2842.98640000001
510 C>G 1.1605760878638 3654 3148.43640000001
510 C>T 1.09558937456903 9263 8454.81
510 CG>AC 0.955434031051606 1368 1431.81
510 CG>GC 0.916010324971872 1384 1510.9
510 CG>TC 0.761705546457464 3707 4866.70999999999
510 T>A 1.10676291394806 1625 1468.2458
510 T>C 1.05633227695017 5536 5240.7752
510 T>G 1.23278583441887 2234 1812.1558
520 C>A 1.01334001298566 2882 2844.06020000001
520 C>G 1.18471222997642 3738 3155.1966
520 C>T 1.0932593634484 9195 8410.63000000002
520 CG>AC 0.968146690620812 1358 1402.68
520 CG>GC 1.01459065117536 1502 1480.4
520 CG>TC 0.767028361584265 3697 4819.9
520 T>A 1.06798168027592 1586 1485.0442
520 T>C 1.08663563074826 5742 5284.20000000002
520 T>G 1.23090110042777 2254 1831.1788
530 C>A 1.06820991692914 3014 2821.5428
530 C>G 1.15958129553659 3614 3116.6422
530 C>T 1.08971055312519 9092 8343.5
530 CG>AC 0.984546894396644 1380 1401.66
530 CG>GC 0.987859390403652 1463 1480.98
530 CG>TC 0.78494623655914 3869 4929
530 T>A 1.06288117551042 1587 1493.1114
530 T>C 1.05188389522988 5583 5307.62
530 T>G 1.14160137354682 2091 1831.6376
540 C>A 1.08136641246802 3045 2815.8818
540 C>G 1.16468886429888 3634 3120.1466
540 C>T 1.08895783041187 9049 8309.78000000002
540 CG>AC 0.90844291865472 1249 1374.88
540 CG>GC 0.976958398257056 1417 1450.42
540 CG>TC 0.796365478775851 3788 4756.61
540 T>A 1.09274332777482 1633 1494.404
540 T>C 1.04830675425652 5598 5340.04000000001
540 T>G 1.1866763050368 2183 1839.5918
550 C>A 1.02513648858757 2890 2819.1368
550 C>G 1.1759907964367 3646 3100.36440000001
550 C>T 1.07622994265889 8934 8301.20000000001
550 CG>AC 0.923711279695961 1259 1362.98
550 CG>GC 0.938706747734695 1354 1442.41
550 CG>TC 0.784000168330685 3726 4752.55
550 T>A 1.07487727820903 1620 1507.1488
550 T>C 1.07257860248979 5748 5359.04779999999
550 T>G 1.1777126954518 2185 1855.2912
560 C>A 1.04764507282078 2939 2805.3394
560 C>G 1.16946856801612 3637 3109.9596
560 C>T 1.1146057164808 9285 8330.30000000001
560 CG>AC 0.94576409574066 1251 1322.74
560 CG>GC 0.945655378729586 1315 1390.57
560 CG>TC 0.780066597375432 3610 4627.81
560 T>A 1.04477576184117 1570 1502.7148
560 T>C 1.05217981665182 5627 5347.9452
560 T>G 1.17349918356829 2175 1853.4312
570 C>A 1.03276660236372 2902 2809.9282
570 C>G 1.1266770172615 3504 3110.0306
570 C>T 1.10291205269589 9189 8331.58
570 CG>AC 0.936662671664236 1227 1309.97
570 CG>GC 0.975026278589292 1345 1379.45
570 CG>TC 0.767338230992894 3568 4649.84
570 T>A 1.10122958980814 1669 1515.5786
570 T>C 1.06557650468668 5750 5396.14
570 T>G 1.17869708687399 2176 1846.1062
580 C>A 1.02570065380843 2844 2772.73880000001
580 C>G 1.10350815599339 3399 3080.17660000001
580 C>T 1.08688126538827 8948 8232.73000000002
580 CG>AC 0.959729017689123 1224 1275.36
580 CG>GC 0.990912928525404 1338 1350.27
580 CG>TC 0.802618816682832 3641 4536.4
580 T>A 1.10743195412981 1683 1519.7322
580 T>C 1.07006812687715 5843 5460.4
580 T>G 1.19445175301861 2249 1882.8722
590 C>A 1.03418818063657 2873 2778.02440000001
590 C>G 1.15810527342797 3561 3074.85
590 C>T 1.10610520365299 9079 8208.08
590 CG>AC 0.907740168082834 1173 1292.22
590 CG>GC 0.93155513429056 1258 1350.43
590 CG>TC 0.769722781916972 3526 4580.87
590 T>A 1.05257545988423 1615 1534.3318
590 T>C 1.08074355156348 5904 5462.9056
590 T>G 1.14400942296314 2142 1872.3622
60 C>A 1.20846032444995 3684 3048.5072
60 C>G 1.3999651859584 4803 3430.7996
60 C>T 1.2339352317287 11341 9190.92000000002
60 CG>AC 1.15108628592486 2780 2415.11
60 CG>GC 1.14789796638809 2894 2521.13
60 CG>TC 0.870234741278472 6465 7429.02999999999
60 T>A 1.48049430178965 1793 1211.08199999999
60 T>C 1.32596840126095 5670 4276.12000000001
60 T>G 1.68095478231636 2596 1544.36039999999
600 C>A 1.04424260854099 2912 2788.624
600 C>G 1.13750115217547 3527 3100.6562
600 C>T 1.10706996450025 9156 8270.48
600 CG>AC 0.950460143402759 1197 1259.39
600 CG>GC 0.962469733656174 1272 1321.6
600 CG>TC 0.766051988447011 3448 4501
600 T>A 1.05076289462953 1598 1520.7998
600 T>C 1.06248521827536 5788 5447.60519999999
600 T>G 1.10961476149545 2091 1884.4378
610 C>A 1.0281851155101 2866 2787.4358
610 C>G 1.14604692581144 3550 3097.6044
610 C>T 1.1138962889086 9203 8261.99000000002
610 CG>AC 0.957031890137983 1168 1220.44
610 CG>GC 0.959452629942073 1234 1286.15
610 CG>TC 0.786667188655043 3416 4342.37
610 T>A 1.08356545164335 1667 1538.43959999999
610 T>C 1.05765501565133 5801 5484.7752
610 T>G 1.15768828643352 2182 1884.7906
620 C>A 1.06421509181693 2953 2774.81500000001
620 C>G 1.17924964906687 3631 3079.0766
620 C>T 1.07747362935346 8849 8212.72999999999
620 CG>AC 0.927252043964679 1133 1221.89
620 CG>GC 0.924553327611765 1185 1281.7
620 CG>TC 0.796788990825687 3474 4360
620 T>A 1.0492294043181 1624 1547.8026
620 T>C 1.06992498643077 5907 5520.9478
620 T>G 1.12315793394228 2129 1895.5482
630 C>A 1.03778759273693 2876 2771.28
630 C>G 1.13710094517525 3490 3069.2086
630 C>T 1.08188586816258 8887 8214.36000000002
630 CG>AC 0.885013713209709 1081 1221.45
630 CG>GC 0.971481803308204 1241 1277.43
630 CG>TC 0.789566827302677 3480 4407.48
630 T>A 1.04705602100029 1614 1541.46479999999
630 T>C 1.03626053584136 5747 5545.90260000001
630 T>G 1.183916486605 2241 1892.87
640 C>A 1.00696940959468 2796 2776.6484
640 C>G 1.11669149108455 3427 3068.887
640 C>T 1.09748641387089 9011 8210.57999999999
640 CG>AC 0.941038082634905 1152 1224.18
640 CG>GC 0.968794615541504 1235 1274.78
640 CG>TC 0.785298950827961 3479 4430.16
640 T>A 1.02571049554379 1584 1544.2954
640 T>C 1.03210911868496 5717 5539.14300000003
640 T>G 1.15187318283672 2177 1889.965
650 C>A 1.01206475502265 2790 2756.74060000001
650 C>G 1.16050193377716 3546 3055.5744
650 C>T 1.07944695318971 8823 8173.62999999999
650 CG>AC 0.922706493462759 1096 1187.81
650 CG>GC 0.974033880145132 1200 1231.99
650 CG>TC 0.779550060234776 3339 4283.24
650 T>A 1.06403802880894 1659 1559.1548
650 T>C 1.06641051310527 5951 5580.40259999999
650 T>G 1.11163304562786 2118 1905.305
660 C>A 1.01007673003129 2765 2737.4158
660 C>G 1.12780233756576 3434 3044.85979999999
660 C>T 1.09837807978654 8908 8110.13999999997
660 CG>AC 0.921643197313872 1076 1167.48
660 CG>GC 0.948509485094852 1169 1232.46
660 CG>TC 0.781361224741603 3293 4214.44
660 T>A 1.02872276197861 1601 1556.2988
660 T>C 1.06289415210568 5937 5585.69260000001
660 T>G 1.10081885399041 2099 1906.7624
670 C>A 1.00553980242273 2758 2742.8054
670 C>G 1.15881839129483 3530 3046.2064
670 C>T 1.05422519547835 8579 8137.72999999999
670 CG>AC 0.94554027238344 1115 1179.22
670 CG>GC 0.949118090617008 1158 1220.08
670 CG>TC 0.779791962394992 3351 4297.3
670 T>A 1.07459412298198 1678 1561.5198
670 T>C 1.04716025076398 5847 5583.67260000001
670 T>G 1.13002712065089 2147 1899.9544
680 C>A 1.03148301243033 2839 2752.3478
680 C>G 1.11528285213252 3400 3048.554
680 C>T 1.08084839178884 8813 8153.78000000002
680 CG>AC 0.933184023889511 1050 1125.18
680 CG>GC 0.985552027979151 1161 1178.02
680 CG>TC 0.789852292346058 3294 4170.4
680 T>A 1.07559828565399 1692 1573.078
680 T>C 1.05231744317415 5924 5629.48000000001
680 T>G 1.11005651680973 2126 1915.2178
690 C>A 1.00415433826702 2759 2747.5856
690 C>G 1.15155344889271 3500 3039.37260000001
690 C>T 1.0818439538446 8800 8134.26
690 CG>AC 0.955850494725581 1081 1130.93
690 CG>GC 0.978436887411573 1148 1173.3
690 CG>TC 0.769589719659715 3216 4178.85
690 T>A 1.07016816837143 1676 1566.109
690 T>C 1.05227150270822 5937 5642.07999999999
690 T>G 1.1174494632959 2144 1918.655
70 C>A 1.22392776454725 3685 3010.79860000001
70 C>G 1.38681119013004 4712 3397.72280000001
70 C>T 1.28344046894015 11738 9145.73000000001
70 CG>AC 1.20613937014213 2697 2236.06
70 CG>GC 1.20235420010701 2809 2336.25
70 CG>TC 0.875364616042675 6119 6990.23000000001
70 T>A 1.52392685729792 1896 1244.1542
70 T>C 1.36135147112825 5971 4386.0826
70 T>G 1.64330135590622 2610 1588.26619999999
700 C>A 1.03348002027208 2839 2747.02940000001
700 C>G 1.13135948311371 3441 3041.4736
700 C>T 1.09254214284309 8887 8134.24000000002
700 CG>AC 0.922891305913707 1025 1110.64
700 CG>GC 0.917605093785272 1065 1160.63
700 CG>TC 0.793737431075598 3272 4122.26999999999
700 T>A 1.02929177003369 1626 1579.72699999999
700 T>C 1.03334965185204 5868 5678.61999999999
700 T>G 1.11623218746249 2159 1934.18539999999
710 C>A 0.992117342123828 2727 2748.66679999999
710 C>G 1.1636237959034 3550 3050.8142
710 C>T 1.07351644283291 8728 8130.29000000002
710 CG>AC 0.932937212419841 1030 1104.04
710 CG>GC 0.951255692010489 1103 1159.52
710 CG>TC 0.779793429030171 3254 4172.9
710 T>A 1.03875822281643 1640 1578.8082
710 T>C 1.03883330140131 5896 5675.59779999999
710 T>G 1.13176259284372 2181 1927.08259999999
720 C>A 1.00280896467231 2736 2728.3362
720 C>G 1.11962668523006 3384 3022.43599999999
720 C>T 1.06009563542527 8553 8068.13999999998
720 CG>AC 0.923554375666025 988 1069.78
720 CG>GC 0.9865276750771 1094 1108.94
720 CG>TC 0.768839907650412 3117 4054.16000000001
720 T>A 1.05344139749662 1670 1585.2804
720 T>C 1.05433591969057 6020 5709.75520000001
720 T>G 1.16506225312542 2264 1943.2438
730 C>A 0.990070408118295 2687 2713.94840000001
730 C>G 1.11527086373296 3359 3011.8244
730 C>T 1.05976124319483 8532 8050.87
730 CG>AC 0.966827804634105 1044 1079.82
730 CG>GC 0.965699489216799 1089 1127.68
730 CG>TC 0.781085074941946 3182 4073.82
730 T>A 1.05018758264207 1679 1598.762
730 T>C 1.04708202676288 6003 5733.07520000001
730 T>G 1.13054178223517 2192 1938.8934
740 C>A 1.00677556265846 2730 2711.62720000001
740 C>G 1.13077847786492 3395 3002.35640000001
740 C>T 1.07629729817246 8642 8029.38000000001
740 CG>AC 0.956549935149157 1003 1048.56
740 CG>GC 0.966086159486709 1054 1091
740 CG>TC 0.761396149135464 3071 4033.38
740 T>A 1.03837504483183 1663 1601.5408
740 T>C 1.04123902420435 6011 5772.93
740 T>G 1.08357122198238 2122 1958.3392
750 C>A 1.00464270693738 2748 2735.30080000001
750 C>G 1.12486633911852 3388 3011.9134
750 C>T 1.08553098193021 8724 8036.62
750 CG>AC 0.926568276202876 975 1052.27
750 CG>GC 0.99033397530098 1085 1095.59
750 CG>TC 0.765661252900232 3135 4094.5
750 T>A 1.01407233891615 1617 1594.5608
750 T>C 1.06836063186932 6152 5758.3552
750 T>G 1.09787656552287 2146 1954.6824
760 C>A 1.03018879479329 2779 2697.56379999999
760 C>G 1.13804339738822 3414 2999.88559999999
760 C>T 1.08828851313409 8721 8013.5
760 CG>AC 0.957812034196583 996 1039.87
760 CG>GC 0.946808116028043 1021 1078.36
760 CG>TC 0.763339853579565 3079 4033.59
760 T>A 1.04918085204976 1680 1601.2492
760 T>C 1.02912878605766 5955 5786.44779999998
760 T>G 1.12098196591562 2197 1959.8888
770 C>A 1.00411787967501 2721 2709.8412
770 C>G 1.12503381788133 3365 2991.0212
770 C>T 1.0744385895424 8572 7978.11999999999
770 CG>AC 0.944412148704411 991 1049.33
770 CG>GC 0.938412663535573 1025 1092.27
770 CG>TC 0.783169117809783 3185 4066.80999999999
770 T>A 0.99800981813119 1607 1610.20459999999
770 T>C 1.05164584832759 6056 5758.59260000001
770 T>G 1.10530383916041 2157 1951.49959999999
780 C>A 1.0132569946524 2741 2705.138
780 C>G 1.12900624101269 3375 2989.35460000001
780 C>T 1.07503749185436 8595 7995.06999999999
780 CG>AC 0.905207181907806 909 1004.19
780 CG>GC 1.02471194954084 1069 1043.22
780 CG>TC 0.764077123715031 2988 3910.6
780 T>A 1.04015841117289 1680 1615.1386
780 T>C 1.0434815511705 6067 5814.19
780 T>G 1.13516777120856 2240 1973.2766
790 C>A 0.989491080249462 2679 2707.4524
790 C>G 1.11370706680847 3353 3010.66600000001
790 C>T 1.06245154190531 8496 7996.59999999997
790 CG>AC 0.910151226660552 913 1003.13
790 CG>GC 0.967317987669353 1001 1034.82
790 CG>TC 0.777746440939801 3061 3935.73
790 T>A 1.04203482745096 1677 1609.3512
790 T>C 1.05322677508924 6142 5831.60259999998
790 T>G 1.11938144579695 2199 1964.4778
80 C>A 1.25613885885692 3806 3029.9198
80 C>G 1.43679755416207 4868 3388.0904
80 C>T 1.23809304755552 11304 9130.17000000001
80 CG>AC 1.19453547562502 2701 2261.13
80 CG>GC 1.21422817653792 2864 2358.7
80 CG>TC 0.888935532318932 6268 7051.13000000001
80 T>A 1.57343340135005 1966 1249.4968
80 T>C 1.34841939109193 5912 4384.39260000002
80 T>G 1.67725321391778 2667 1590.09979999999
800 C>A 1.00326683889228 2701 2692.205
800 C>G 1.10159499059952 3297 2992.933
800 C>T 1.07205795966321 8541 7966.91999999999
800 CG>AC 0.948174561367965 936 987.16
800 CG>GC 0.947225981055479 966 1019.82
800 CG>TC 0.755840821566111 2944 3895
800 T>A 1.03010787408516 1664 1615.3648
800 T>C 1.01834630174116 5932 5825.1304
800 T>G 1.12306146352054 2214 1971.397
810 C>A 1.03452751317217 2793 2699.7832
810 C>G 1.09795874451722 3290 2996.4696
810 C>T 1.06149976964964 8433 7944.42000000001
810 CG>AC 0.93699913697448 912 973.319999999999
810 CG>GC 0.935147193562523 939 1004.12
810 CG>TC 0.80852437843074 3130 3871.25
810 T>A 1.00199781427251 1621 1617.768
810 T>C 1.0440667097573 6122 5863.61000000001
810 T>G 1.13757084124959 2247 1975.2616
820 C>A 1.00421981300688 2691 2679.6922
820 C>G 1.11152276136331 3314 2981.49539999999
820 C>T 1.02609887518941 8160 7952.45
820 CG>AC 0.898243052809797 886 986.370000000001
820 CG>GC 0.961262411768781 971 1010.13
820 CG>TC 0.785054285940925 3068 3908.01000000001
820 T>A 1.05528076217607 1707 1617.579
820 T>C 1.04870011983683 6152 5866.30999999999
820 T>G 1.11051338816979 2201 1981.9662
830 C>A 0.972765116971642 2604 2676.9052
830 C>G 1.11841053809208 3324 2972.075
830 C>T 1.06455417231479 8458 7945.11000000001
830 CG>AC 0.925750991876063 882 952.74
830 CG>GC 1.00408064807928 999 994.940000000001
830 CG>TC 0.79121348947308 3035 3835.88
830 T>A 1.00978556095312 1640 1624.1072
830 T>C 1.01187341933055 5948 5878.20559999999
830 T>G 1.09643341472495 2171 1980.0564
840 C>A 0.993784878350779 2656 2672.6106
840 C>G 1.08936529836598 3238 2972.37300000001
840 C>T 1.06507174861886 8448 7931.85999999998
840 CG>AC 0.952118993716015 900 945.26
840 CG>GC 0.967622266647431 939 970.42
840 CG>TC 0.771062689709064 2901 3762.34
840 T>A 1.00088250773124 1642 1640.5522
840 T>C 1.03969836344753 6153 5918.06259999999
840 T>G 1.08350431703397 2150 1984.3022
850 C>A 0.990033487817075 2639 2665.5664
850 C>G 1.09146687891693 3239 2967.566
850 C>T 1.06734662660061 8443 7910.27000000002
850 CG>AC 0.921532364597093 872 946.250000000001
850 CG>GC 0.899711101939743 872 969.200000000001
850 CG>TC 0.77883081542648 2988 3836.52
850 T>A 0.986539607343849 1621 1643.117
850 T>C 1.03254774288116 6157 5962.9204
850 T>G 1.06232480207901 2108 1984.3272
860 C>A 1.00319472631745 2693 2684.424
860 C>G 1.12542491117748 3335 2963.3252
860 C>T 1.06660118027408 8426 7899.86
860 CG>AC 0.926152895160345 869 938.29
860 CG>GC 0.993511971090258 954 960.230000000002
860 CG>TC 0.792489314602407 3000 3785.54
860 T>A 0.998475766247659 1634 1636.4944
860 T>C 1.03974748922261 6181 5944.71259999999
860 T>G 1.0889248339805 2163 1986.363
870 C>A 0.99315117282464 2663 2681.3642
870 C>G 1.08556963831279 3214 2960.6576
870 C>T 1.05656252846343 8352 7904.88000000001
870 CG>AC 0.911177030279284 814 893.350000000002
870 CG>GC 0.999345219566127 931 931.61
870 CG>TC 0.790620920666978 2889 3654.09
870 T>A 1.00000905206971 1635 1634.9852
870 T>C 1.03103504378586 6147 5961.96999999999
870 T>G 1.08539311534897 2165 1994.66899999999
880 C>A 1.01320033749714 2687 2651.99280000001
880 C>G 1.13183898977376 3342 2952.7168
880 C>T 1.06773099507731 8368 7837.17999999998
880 CG>AC 0.960874000460693 876 911.67
880 CG>GC 0.970388261706904 912 939.830000000001
880 CG>TC 0.794173571460955 2978 3749.81
880 T>A 1.03726064712755 1719 1657.2498
880 T>C 1.04296738893048 6256 5998.26999999999
880 T>G 1.04881422678614 2104 2006.075
890 C>A 0.994943695386016 2639 2652.4114
890 C>G 1.05897625735192 3121 2947.18600000001
890 C>T 1.06095939007551 8344 7864.57999999998
890 CG>AC 0.894804790099275 804 898.519999999999
890 CG>GC 1.00416599036953 928 924.15
890 CG>TC 0.792073309431223 2925 3692.84
890 T>A 0.988188166136002 1622 1641.38779999999
890 T>C 1.02660864415533 6129 5970.1426
890 T>G 1.06062198640821 2117 1995.9986
90 C>A 1.23097846355126 3753 3048.79420000001
90 C>G 1.44093535950503 4919 3413.7548
90 C>T 1.26417425725252 11561 9145.09999999999
90 CG>AC 1.17387727086734 2668 2272.81
90 CG>GC 1.20869994139892 2867 2371.97
90 CG>TC 0.865116279069767 6138 7095
90 T>A 1.38747877310478 1723 1241.8208
90 T>C 1.32394732558746 5780 4365.7326
90 T>G 1.63886610038199 2579 1573.64899999999
900 C>A 0.981708768875823 2591 2639.2756
900 C>G 1.09935156380794 3215 2924.4512
900 C>T 1.05944348758383 8261 7797.48999999999
900 CG>AC 0.944416249255279 856 906.38
900 CG>GC 1.00995779118086 926 916.870000000001
900 CG>TC 0.76996755098846 2902 3768.99000000001
900 T>A 0.998685857185872 1657 1659.1804
900 T>C 1.02554153899213 6185 6030.96
900 T>G 1.06973742202341 2149 2008.9042
910 C>A 0.986160529796704 2624 2660.8244
910 C>G 1.06319086121729 3122 2936.44360000001
910 C>T 1.02574827086691 8044 7842.08
910 CG>AC 0.924936936117992 814 880.06
910 CG>GC 0.996585668676835 899 902.080000000001
910 CG>TC 0.78938131117297 2901 3675.03
910 T>A 1.03411072617205 1718 1661.3308
910 T>C 1.00917142672707 6097 6041.59000000001
910 T>G 1.09694542280712 2216 2020.1552
920 C>A 0.995644262992556 2650 2661.5932
920 C>G 1.10659129892438 3271 2955.9242
920 C>T 1.06862494255902 8395 7855.89
920 CG>AC 0.991236724508154 854 861.549999999999
920 CG>GC 0.9972985141828 886 888.400000000001
920 CG>TC 0.778435515637672 2822 3625.22
920 T>A 1.06019929108168 1768 1667.611
920 T>C 1.01528161948137 6100 6008.18519999999
920 T>G 1.11729406644479 2254 2017.374
930 C>A 0.978521546328 2595 2651.96
930 C>G 1.11741795260247 3292 2946.07760000001
930 C>T 1.06742073955189 8380 7850.69999999999
930 CG>AC 0.920519822958848 782 849.52
930 CG>GC 0.9626664826444 837 869.46
930 CG>TC 0.771221156049335 2760 3578.74
930 T>A 1.03171808192118 1715 1662.2758
930 T>C 1.02181541124857 6170 6038.27260000001
930 T>G 1.06960086588244 2164 2023.18459999999
940 C>A 0.989646041011206 2617 2644.3798
940 C>G 1.0911975595307 3205 2937.14000000001
940 C>T 1.06213387112264 8295 7809.74999999999
940 CG>AC 0.943887891597661 815 863.449999999999
940 CG>GC 1.0024804819222 877 874.830000000002
940 CG>TC 0.804826743306274 2904 3608.23
940 T>A 1.00651861765525 1678 1667.1326
940 T>C 1.02858556594226 6208 6035.4726
940 T>G 1.03076856563423 2079 2016.9416
950 C>A 1.01510912160075 2702 2661.78280000001
950 C>G 1.04256669273705 3075 2949.4516
950 C>T 1.0507927702811 8259 7859.78
950 CG>AC 0.913279773156899 773 846.400000000001
950 CG>GC 0.928312967480145 803 865.01
950 CG>TC 0.783488260390473 2773 3539.3
950 T>A 1.0483122173301 1743 1662.6726
950 T>C 1.01689147986276 6130 6028.1752
950 T>G 1.01168681584803 2042 2018.4112
960 C>A 1.00088452553636 2639 2636.6678
960 C>G 1.07218977382309 3131 2920.19200000001
960 C>T 1.04993811444659 8186 7796.65
960 CG>AC 0.955160520031837 828 866.870000000001
960 CG>GC 0.971672877752121 850 874.78
960 CG>TC 0.780721840584452 2864 3668.39999999999
960 T>A 1.02160554590673 1701 1665.0262
960 T>C 1.01926355111222 6154 6037.69260000001
960 T>G 1.0618997193445 2151 2025.615
970 C>A 0.999577871453907 2627 2628.1094
970 C>G 1.07276846673718 3129 2916.7524
970 C>T 1.04788920407141 8164 7790.90000000003
970 CG>AC 0.939970091860714 792 842.58
970 CG>GC 0.982173204720995 838 853.21
970 CG>TC 0.797869386032149 2873 3600.83999999999
970 T>A 1.02838436397115 1722 1674.4712
970 T>C 1.02166925901646 6231 6098.8426
970 T>G 1.02969340164586 2090 2029.73039999999
980 C>A 0.98605818870453 2607 2643.8602
980 C>G 1.08721341504684 3187 2931.3472
980 C>T 1.03676552802814 8067 7780.93
980 CG>AC 0.993689707695655 822 827.220000000001
980 CG>GC 0.983873088739852 823 836.490000000001
980 CG>TC 0.779971652703519 2779 3562.95
980 T>A 1.01100770404562 1696 1677.5342
980 T>C 0.99665225036432 6048 6068.31519999999
980 T>G 1.04424542083536 2110 2020.59779999999
990 C>A 1.0028892292573 2650 2642.3656
990 C>G 1.03496593661105 3031 2928.5988
990 C>T 1.05413580088688 8225 7802.59999999999
990 CG>AC 0.928398058252427 765 824
990 CG>GC 0.989468880963531 824 832.77
990 CG>TC 0.768797521824839 2730 3551
990 T>A 1.00326356085871 1681 1675.5318
990 T>C 1.03622613812853 6325 6103.88
990 T>G 1.05099339086849 2132 2028.557
