ENSG00000006283 2 0.817 0.822
ENSG00000008083 2 0.928 0.933
ENSG00000012048 2 0.074 0.078
ENSG00000039139 2 0.934 0.936
ENSG00000047849 2 0.288 0.296
ENSG00000050730 2 0.88 0.901
ENSG00000051341 2 0.661 0.663
ENSG00000054654 2 0.938 0.94
ENSG00000054983 3 0.199 0.2
ENSG00000064309 2 0.301 0.302
ENSG00000065970 3 0.832 0.833
ENSG00000072121 2 0.634 0.635
ENSG00000073111 2 0.237 0.239
ENSG00000074621 2 0.783 0.784
ENSG00000076944 2 0.157 0.158
ENSG00000079308 2 0.838 0.842
ENSG00000080345 2 0.672 0.673
ENSG00000083720 2 0.808 0.809
ENSG00000084674 2 0.904 0.905
ENSG00000086015 2 0.767 0.768
ENSG00000092820 2 0.79 0.792
ENSG00000095951 2 0.751 0.754
ENSG00000100280 3 0.499 0.5
ENSG00000100345 3 0.931 0.932
ENSG00000105429 3 0.528 0.529
ENSG00000105519 2 0.966 0.988
ENSG00000105576 2 0.478 0.479
ENSG00000105877 2 0.211 0.213
ENSG00000106608 2 0.855 0.857
ENSG00000106628 2 0.162 0.171
ENSG00000107581 2 0.211 0.212
ENSG00000107736 2 0.959 0.965
ENSG00000108187 2 0.733 0.736
ENSG00000108510 2 0.276 0.282
ENSG00000110046 2 0.814 0.818
ENSG00000110799 2 0.866 0.869
ENSG00000111961 2 0.088 0.09
ENSG00000113721 2 0.955 0.956
ENSG00000115590 2 0.064 0.066
ENSG00000119411 2 0.423 0.425
ENSG00000121904 2 0.688 0.689
ENSG00000123384 2 0.408 0.409
ENSG00000127481 2 0.24 0.242
ENSG00000127603 2 0.49 0.492
ENSG00000128683 2 0.504 0.506
ENSG00000130164 2 0.099 0.101
ENSG00000130766 2 0.377 0.379
ENSG00000131018 3 0.57 0.571
ENSG00000131748 2 0.975 0.977
ENSG00000133392 2 0.179 0.181
ENSG00000133678 2 0.789 0.794
ENSG00000133858 2 0.797 0.798
ENSG00000134569 2 0.918 0.919
ENSG00000135541 2 0.628 0.631
ENSG00000135677 3 0.97 0.971
ENSG00000135931 2 0.283 0.284
ENSG00000136011 2 0.814 0.815
ENSG00000136279 2 0.721 0.726
ENSG00000136830 2 0.243 0.244
ENSG00000139364 2 0.761 0.764
ENSG00000140287 2 0.767 0.768
ENSG00000140505 2 0.176 0.18
ENSG00000140836 2 0.898 0.9
ENSG00000141441 2 0.758 0.762
ENSG00000142449 2 0.488 0.491
ENSG00000142949 2 0.513 0.514
ENSG00000143126 3 0.29 0.291
ENSG00000145362 2 0.08 0.082
ENSG00000147485 2 0.063 0.065
ENSG00000149260 2 0.131 0.132
ENSG00000151150 2 0.398 0.402
ENSG00000151914 2 0.201 0.209
ENSG00000152104 2 0.216 0.217
ENSG00000154309 3 0.289 0.29
ENSG00000154930 2 0.5 0.501
ENSG00000155657 8 0.589 0.59
ENSG00000157087 2 0.312 0.318
ENSG00000158486 3 0.121 0.122
ENSG00000162782 2 0.831 0.832
ENSG00000163125 2 0.724 0.726
ENSG00000164796 2 0.077 0.079
ENSG00000166529 2 0.496 0.498
ENSG00000166833 2 0.368 0.37
ENSG00000167178 2 0.373 0.374
ENSG00000168005 2 0.534 0.542
ENSG00000170482 2 0.985 0.986
ENSG00000170961 2 0.195 0.196
ENSG00000171056 2 0.575 0.576
ENSG00000172053 2 0.421 0.422
ENSG00000173482 2 0.117 0.121
ENSG00000174437 2 0.751 0.752
ENSG00000177303 2 0.212 0.215
ENSG00000179115 2 0.182 0.185
ENSG00000181555 2 0.741 0.742
ENSG00000183914 2 0.177 0.18
ENSG00000184313 2 0.292 0.297
ENSG00000184845 2 0.986 0.993
ENSG00000185467 2 0.655 0.656
ENSG00000186815 2 0.835 0.839
ENSG00000187091 2 0.419 0.422
ENSG00000187492 2 0.38 0.381
ENSG00000196169 2 0.503 0.514
ENSG00000196878 2 0.817 0.819
ENSG00000197694 2 0.579 0.583
ENSG00000198722 3 0.051 0.052
ENSG00000213512 2 0.713 0.714
ENSG00000241644 2 0.43 0.432
ENSG00000254221 2 0.343 0.344
ENSG00000254709 2 0.527 0.528
ENSG00000258724 2 0.577 0.581
ENSG00000272333 2 0.679 0.682
ENSG00000276966 2 0.358 0.359