ENSG00000008853 2 0.357 0.358
ENSG00000010818 2 0.718 0.72
ENSG00000048471 2 0.909 0.91
ENSG00000054654 2 0.371 0.372
ENSG00000065882 2 0.439 0.441
ENSG00000072121 2 0.952 0.954
ENSG00000083168 2 0.906 0.907
ENSG00000083799 2 0.348 0.356
ENSG00000095951 2 0.107 0.11
ENSG00000101680 2 0.463 0.464
ENSG00000102935 2 0.101 0.105
ENSG00000110514 2 0.08 0.083
ENSG00000111799 2 0.002 0.003
ENSG00000117139 2 0.695 0.696
ENSG00000124942 2 0.289 0.295
ENSG00000131023 2 0.03 0.031
ENSG00000132549 3 0.969 0.97
ENSG00000133401 2 0.242 0.243
ENSG00000142949 2 0.178 0.18
ENSG00000143442 2 0.542 0.543
ENSG00000145934 2 0.22 0.223
ENSG00000149256 2 0.375 0.376
ENSG00000154134 2 0.489 0.49
ENSG00000155657 4 0.038 0.039
ENSG00000156096 2 0 0.005
ENSG00000158113 2 0.075 0.08
ENSG00000165219 2 0.723 0.725
ENSG00000167548 2 0.599 0.601
ENSG00000167986 2 0.912 0.913
ENSG00000171094 2 0.794 0.795
ENSG00000171241 2 0.811 0.814
ENSG00000171634 2 0.005 0.011
ENSG00000172893 2 0.095 0.1
ENSG00000173898 2 0.256 0.258
ENSG00000196104 2 0.046 0.053
ENSG00000196159 2 0.604 0.605
ENSG00000196498 3 0.629 0.63
ENSG00000197603 2 0.748 0.75
