ENSG00000001617 2 0.027 0.028
ENSG00000003393 2 0.989 0.99
ENSG00000005381 2 0.013 0.016
ENSG00000005810 3 0.322 0.323
ENSG00000006283 3 0.665 0.666
ENSG00000007314 2 0.94 0.941
ENSG00000007341 2 0.9 0.902
ENSG00000010327 3 0.331 0.332
ENSG00000011347 2 0.771 0.772
ENSG00000011485 3 0.764 0.765
ENSG00000012124 2 0.457 0.458
ENSG00000015532 2 0.824 0.826
ENSG00000016602 2 0.133 0.137
ENSG00000022840 2 0.538 0.54
ENSG00000024048 3 0.882 0.883
ENSG00000030582 4 0.704 0.705
ENSG00000034677 2 0.404 0.407
ENSG00000038382 3 0.232 0.233
ENSG00000040341 2 0.028 0.032
ENSG00000042753 2 0.645 0.647
ENSG00000042781 3 0.562 0.563
ENSG00000044090 3 0.576 0.577
ENSG00000048052 2 0.434 0.435
ENSG00000048707 2 0.706 0.707
ENSG00000049618 3 0.558 0.559
ENSG00000050555 2 0.115 0.117
ENSG00000051341 2 0.173 0.18
ENSG00000053524 3 0.864 0.865
ENSG00000054118 2 0.337 0.339
ENSG00000054523 2 0.001 0.002
ENSG00000055609 3 0.211 0.212
ENSG00000055732 2 0.969 0.972
ENSG00000062524 2 0.298 0.303
ENSG00000064195 2 0.385 0.387
ENSG00000064309 2 0.4 0.402
ENSG00000064419 2 0.67 0.671
ENSG00000065526 3 0.007 0.008
ENSG00000065883 2 0.09 0.093
ENSG00000066084 2 0.145 0.146
ENSG00000066279 3 0.974 0.975
ENSG00000066322 2 0.95 0.956
ENSG00000066827 2 0.724 0.725
ENSG00000069248 2 0.726 0.727
ENSG00000070018 3 0.326 0.327
ENSG00000070182 2 0.489 0.494
ENSG00000070729 2 0.831 0.832
ENSG00000072134 2 0.066 0.071
ENSG00000072195 2 0.258 0.26
ENSG00000072201 2 0.443 0.447
ENSG00000072682 3 0.061 0.062
ENSG00000073350 2 0.675 0.676
ENSG00000074054 4 0.256 0.257
ENSG00000074181 2 0.653 0.654
ENSG00000075391 2 0.716 0.719
ENSG00000075539 2 0.064 0.073
ENSG00000075643 2 0.851 0.852
ENSG00000075856 2 0.724 0.725
ENSG00000076356 3 0.989 0.99
ENSG00000077235 2 0.143 0.145
ENSG00000078177 2 0.167 0.174
ENSG00000080189 2 0.932 0.934
ENSG00000080493 2 0.044 0.051
ENSG00000080511 2 0.761 0.763
ENSG00000080603 6 0.599 0.6
ENSG00000080802 2 0.169 0.17
ENSG00000081248 3 0.581 0.582
ENSG00000081479 4 0.132 0.133
ENSG00000082269 2 0.292 0.294
ENSG00000084674 4 0.514 0.515
ENSG00000084676 2 0.245 0.246
ENSG00000086015 2 0.231 0.232
ENSG00000086570 2 0.516 0.519
ENSG00000086696 2 0.734 0.736
ENSG00000087085 2 0.254 0.255
ENSG00000087303 2 0.944 0.945
ENSG00000087460 2 0.453 0.457
ENSG00000088367 2 0.524 0.53
ENSG00000089006 2 0.537 0.538
ENSG00000089169 2 0.317 0.32
ENSG00000090060 2 0.304 0.305
ENSG00000090372 2 0.495 0.497
ENSG00000091157 2 0.391 0.393
ENSG00000091536 3 0.141 0.142
ENSG00000091656 2 0.92 0.921
ENSG00000092964 3 0.576 0.578
ENSG00000095319 2 0.26 0.266
ENSG00000095951 2 0.553 0.557
ENSG00000096433 2 0.556 0.559
ENSG00000099331 2 0.611 0.613
ENSG00000100014 2 0.831 0.832
ENSG00000100109 2 0.116 0.12
ENSG00000100359 2 0.818 0.825
ENSG00000100368 2 0.237 0.238
ENSG00000100393 2 0.478 0.482
ENSG00000100412 2 0.789 0.79
ENSG00000100578 2 0.407 0.41
ENSG00000100697 2 0.97 0.971
ENSG00000101311 2 0.46 0.464
ENSG00000101680 2 0.599 0.6
ENSG00000102452 2 0.15 0.151
ENSG00000102763 2 0.073 0.076
ENSG00000102879 2 0.051 0.053
ENSG00000102935 2 0.729 0.73
ENSG00000103034 2 0.872 0.873
ENSG00000103494 2 0.022 0.027
ENSG00000104093 2 0.345 0.347
ENSG00000104129 2 0.113 0.117
ENSG00000104133 3 0.588 0.589
ENSG00000104517 3 0.188 0.189
ENSG00000104755 2 0.707 0.708
ENSG00000105221 2 0.671 0.672
ENSG00000105287 2 0.95 0.955
ENSG00000105357 2 0.495 0.499
ENSG00000105409 2 0.363 0.366
ENSG00000105732 2 0.818 0.819
ENSG00000105737 2 0.823 0.827
ENSG00000105738 2 0.033 0.034
ENSG00000105877 2 0.744 0.745
ENSG00000106278 2 0.932 0.933
ENSG00000106290 3 0.292 0.293
ENSG00000106546 2 0.729 0.73
ENSG00000106571 2 0.013 0.018
ENSG00000106772 2 0.491 0.492
ENSG00000107036 2 0.338 0.341
ENSG00000107593 3 0.326 0.33
ENSG00000108395 2 0.652 0.654
ENSG00000108557 2 0.381 0.382
ENSG00000108654 3 0.325 0.326
ENSG00000108813 2 0.131 0.14
ENSG00000109625 2 0.951 0.961
ENSG00000109927 4 0.807 0.808
ENSG00000110066 2 0.606 0.61
ENSG00000110321 2 0.483 0.485
ENSG00000110514 2 0.542 0.545
ENSG00000110723 2 0.054 0.063
ENSG00000111261 2 0.927 0.928
ENSG00000111602 3 0.499 0.5
ENSG00000112367 2 0.048 0.057
ENSG00000112655 2 0.872 0.874
ENSG00000112659 2 0.305 0.308
ENSG00000112763 2 0.467 0.475
ENSG00000113163 2 0.201 0.208
ENSG00000113263 2 0.994 0.995
ENSG00000113595 2 0.244 0.247
ENSG00000113615 2 0.116 0.121
ENSG00000114248 2 0.026 0.028
ENSG00000114554 3 0.807 0.808
ENSG00000114626 2 0.237 0.239
ENSG00000114770 4 0.738 0.739
ENSG00000114861 2 0.965 0.968
ENSG00000115020 2 0.907 0.908
ENSG00000115306 2 0.029 0.035
ENSG00000115414 2 0.587 0.589
ENSG00000115421 2 0.084 0.085
ENSG00000115524 4 0.485 0.486
ENSG00000115602 2 0.814 0.816
ENSG00000115760 2 0.222 0.227
ENSG00000115998 2 0.418 0.42
ENSG00000116127 2 0.022 0.023
ENSG00000116786 2 0.733 0.735
ENSG00000116984 2 0.237 0.24
ENSG00000117139 4 0.001 0.002
ENSG00000118322 2 0.309 0.31
ENSG00000118369 3 0.807 0.808
ENSG00000118482 2 0.848 0.85
ENSG00000118997 2 0.77 0.773
ENSG00000119042 2 0.298 0.299
ENSG00000119121 2 0.116 0.121
ENSG00000119596 2 0.904 0.905
ENSG00000119682 2 0.581 0.583
ENSG00000119685 2 0.226 0.227
ENSG00000119772 4 0.465 0.466
ENSG00000119777 3 0.123 0.124
ENSG00000121075 2 0.689 0.69
ENSG00000121552 2 0.739 0.742
ENSG00000122778 2 0.598 0.604
ENSG00000122966 2 0.221 0.222
ENSG00000123444 2 0.721 0.722
ENSG00000124177 2 0.143 0.15
ENSG00000124942 2 0.564 0.567
ENSG00000125409 2 0.594 0.6
ENSG00000125730 3 0.08 0.081
ENSG00000125944 2 0.724 0.726
ENSG00000125998 2 0.689 0.69
ENSG00000127481 2 0.479 0.487
ENSG00000127616 3 0.628 0.629
ENSG00000127831 2 0.974 0.975
ENSG00000127914 2 0.789 0.792
ENSG00000127955 2 0.355 0.359
ENSG00000128463 2 0.617 0.62
ENSG00000128833 2 0.893 0.894
ENSG00000128849 2 0.021 0.025
ENSG00000130287 2 0.143 0.147
ENSG00000130300 2 0.076 0.077
ENSG00000130749 2 0.766 0.767
ENSG00000130811 2 0.142 0.143
ENSG00000131018 5 0.725 0.726
ENSG00000131095 2 0.402 0.403
ENSG00000131504 2 0.135 0.14
ENSG00000131737 2 0.598 0.601
ENSG00000131844 2 0.559 0.56
ENSG00000132182 3 0.471 0.472
ENSG00000132294 2 0.492 0.493
ENSG00000132466 2 0.285 0.29
ENSG00000132510 2 0.068 0.072
ENSG00000133026 2 0.425 0.428
ENSG00000133392 2 0.919 0.92
ENSG00000133401 2 0.766 0.771
ENSG00000133619 2 0.578 0.58
ENSG00000133863 2 0.451 0.455
ENSG00000134057 2 0.464 0.47
ENSG00000134247 3 0.43 0.431
ENSG00000134376 2 0.847 0.848
ENSG00000134575 2 0.683 0.686
ENSG00000134627 2 0.124 0.128
ENSG00000134909 2 0.533 0.534
ENSG00000135090 2 0.741 0.743
ENSG00000135298 3 0.367 0.368
ENSG00000135439 3 0.465 0.467
ENSG00000135519 2 0.879 0.88
ENSG00000135540 2 0.933 0.934
ENSG00000135636 3 0.841 0.842
ENSG00000135720 2 0.346 0.348
ENSG00000135837 2 0.227 0.228
ENSG00000135899 2 0.409 0.41
ENSG00000135945 2 0.245 0.249
ENSG00000136068 2 0.046 0.049
ENSG00000136531 11 0.653 0.654
ENSG00000136535 4 0.179 0.18
ENSG00000136574 2 0.189 0.192
ENSG00000136854 2 0.638 0.641
ENSG00000136928 2 0.652 0.653
ENSG00000137337 2 0.267 0.269
ENSG00000137497 3 0.151 0.152
ENSG00000137975 2 0.068 0.072
ENSG00000138002 2 0.975 0.976
ENSG00000138032 3 0.021 0.022
ENSG00000138080 2 0.131 0.132
ENSG00000138246 3 0.2 0.201
ENSG00000138336 3 0.808 0.809
ENSG00000138363 2 0.78 0.782
ENSG00000138398 2 0.155 0.161
ENSG00000138411 2 0.709 0.711
ENSG00000138614 2 0.976 0.978
ENSG00000138658 2 0.54 0.544
ENSG00000139083 2 0.343 0.346
ENSG00000139116 2 0.727 0.728
ENSG00000139155 2 0.448 0.449
ENSG00000139436 2 0.436 0.437
ENSG00000139540 2 0.612 0.613
ENSG00000139618 3 0.948 0.949
ENSG00000140464 2 0.553 0.554
ENSG00000140577 2 0.554 0.556
ENSG00000140836 2 0.358 0.359
ENSG00000141052 2 0.25 0.256
ENSG00000141639 2 0.847 0.85
ENSG00000141646 2 0.871 0.872
ENSG00000141867 2 0.061 0.065
ENSG00000142949 3 0.011 0.012
ENSG00000143033 2 0.332 0.334
ENSG00000143207 2 0.855 0.86
ENSG00000143322 2 0.5 0.506
ENSG00000143341 2 0.911 0.912
ENSG00000143344 2 0.765 0.769
ENSG00000143382 2 0.779 0.782
ENSG00000143515 2 0.495 0.496
ENSG00000143815 2 0.667 0.67
ENSG00000144028 2 0.184 0.186
ENSG00000144285 5 0.13 0.131
ENSG00000144535 2 0.405 0.411
ENSG00000145191 2 0.444 0.447
ENSG00000145362 3 0.03 0.031
ENSG00000145721 2 0.659 0.66
ENSG00000145864 3 0.332 0.333
ENSG00000145868 2 0.498 0.499
ENSG00000145934 2 0.694 0.696
ENSG00000146070 2 0.763 0.764
ENSG00000146648 2 0.375 0.377
ENSG00000146828 2 0.947 0.95
ENSG00000146904 2 0.754 0.757
ENSG00000147481 2 0.045 0.048
ENSG00000148143 2 0.324 0.327
ENSG00000148482 2 0.565 0.566
ENSG00000148840 2 0.157 0.163
ENSG00000149742 2 0.993 0.995
ENSG00000150051 2 0.268 0.269
ENSG00000151150 2 0.888 0.889
ENSG00000151576 2 0.108 0.109
ENSG00000151623 2 0.406 0.408
ENSG00000151779 2 0.217 0.219
ENSG00000152217 2 0.563 0.564
ENSG00000152601 2 0.274 0.275
ENSG00000153827 3 0.679 0.68
ENSG00000154229 3 0.956 0.957
ENSG00000154305 2 0.815 0.816
ENSG00000154358 3 0.933 0.934
ENSG00000155380 2 0.244 0.249
ENSG00000155511 2 0.943 0.947
ENSG00000155657 11 0.944 0.945
ENSG00000155761 2 0.477 0.479
ENSG00000155980 2 0.015 0.019
ENSG00000156113 4 0.004 0.005
ENSG00000156787 2 0.156 0.158
ENSG00000157014 2 0.283 0.286
ENSG00000157103 5 0.821 0.822
ENSG00000157388 2 0.399 0.405
ENSG00000158113 2 0.088 0.092
ENSG00000158163 2 0.55 0.551
ENSG00000159307 2 0.864 0.865
ENSG00000159459 2 0.732 0.735
ENSG00000159495 2 0.069 0.07
ENSG00000160703 2 0.851 0.854
ENSG00000160796 2 0.37 0.371
ENSG00000161298 2 0.158 0.168
ENSG00000161682 2 0.192 0.194
ENSG00000162337 2 0.732 0.735
ENSG00000162631 2 0.428 0.432
ENSG00000162753 2 0.261 0.268
ENSG00000162775 2 0.093 0.098
ENSG00000162946 2 0.58 0.583
ENSG00000163092 2 0.459 0.461
ENSG00000163482 2 0.44 0.441
ENSG00000163625 2 0.539 0.541
ENSG00000163873 2 0.087 0.09
ENSG00000164061 2 0.801 0.802
ENSG00000164199 2 0.227 0.23
ENSG00000164309 2 0.921 0.924
ENSG00000164347 2 0.202 0.205
ENSG00000164530 2 0.188 0.189
ENSG00000164879 2 0.42 0.421
ENSG00000164889 2 0.101 0.105
ENSG00000165219 3 0.04 0.041
ENSG00000165323 4 0.635 0.636
ENSG00000166147 4 0.876 0.877
ENSG00000166833 3 0.977 0.978
ENSG00000167165 2 0.442 0.447
ENSG00000167210 2 0.462 0.465
ENSG00000167257 2 0.823 0.824
ENSG00000167548 2 0.556 0.559
ENSG00000167880 3 0.161 0.162
ENSG00000168014 2 0.384 0.386
ENSG00000168077 2 0.225 0.226
ENSG00000168137 3 0.12 0.122
ENSG00000168237 2 0.202 0.207
ENSG00000168256 2 0.367 0.371
ENSG00000168356 2 0.034 0.038
ENSG00000168411 2 0.961 0.962
ENSG00000168453 2 0.44 0.441
ENSG00000168502 2 0.829 0.838
ENSG00000168538 2 0.827 0.828
ENSG00000168658 2 0.707 0.71
ENSG00000168769 2 0.213 0.219
ENSG00000169375 2 0.288 0.289
ENSG00000169393 2 0.511 0.514
ENSG00000169992 2 0.799 0.801
ENSG00000169994 3 0.522 0.524
ENSG00000170004 2 0.829 0.83
ENSG00000170209 2 0.69 0.691
ENSG00000170921 2 0.479 0.485
ENSG00000170927 4 0.433 0.434
ENSG00000171862 3 0.072 0.074
ENSG00000171914 3 0.971 0.972
ENSG00000172037 2 0.22 0.221
ENSG00000172071 2 0.024 0.025
ENSG00000173175 4 0.339 0.34
ENSG00000173273 2 0.134 0.137
ENSG00000173482 3 0.982 0.983
ENSG00000173575 3 0.669 0.67
ENSG00000173706 2 0.808 0.81
ENSG00000174106 2 0.014 0.016
ENSG00000174343 2 0.313 0.317
ENSG00000174485 2 0.65 0.651
ENSG00000174842 2 0.998 0.999
ENSG00000175087 2 0.518 0.519
ENSG00000175745 2 0.728 0.729
ENSG00000175899 2 0.614 0.618
ENSG00000175984 2 0.699 0.7
ENSG00000177119 2 0.455 0.457
ENSG00000177200 3 0.062 0.064
ENSG00000177675 2 0.107 0.111
ENSG00000177728 2 0.976 0.981
ENSG00000177731 2 0.34 0.341
ENSG00000179869 3 0.948 0.95
ENSG00000179915 2 0.034 0.036
ENSG00000180667 2 0.549 0.551
ENSG00000182175 2 0.52 0.521
ENSG00000182348 2 0.604 0.607
ENSG00000182938 3 0.644 0.645
ENSG00000183091 3 0.386 0.387
ENSG00000183638 2 0.105 0.108
ENSG00000183655 2 0.127 0.128
ENSG00000183742 2 0.498 0.499
ENSG00000183856 2 0.412 0.418
ENSG00000183914 4 0.17 0.171
ENSG00000184156 4 0.928 0.929
ENSG00000185033 2 0.604 0.607
ENSG00000185340 2 0.004 0.006
ENSG00000185379 2 0.014 0.018
ENSG00000186174 2 0.622 0.625
ENSG00000186472 2 0.616 0.617
ENSG00000186976 2 0.402 0.403
ENSG00000187815 2 0.592 0.593
ENSG00000189056 4 0.266 0.267
ENSG00000196091 2 0.987 0.989
ENSG00000196159 3 0.385 0.386
ENSG00000196218 6 0.232 0.233
ENSG00000196220 2 0.864 0.865
ENSG00000196277 2 0.832 0.833
ENSG00000196296 3 0.532 0.533
ENSG00000196361 2 0.023 0.024
ENSG00000196367 5 0.773 0.774
ENSG00000196531 3 0.42 0.421
ENSG00000196652 2 0.398 0.401
ENSG00000196730 2 0.864 0.866
ENSG00000196876 2 0.376 0.377
ENSG00000197081 2 0.357 0.358
ENSG00000197283 4 0.611 0.612
ENSG00000197653 4 0.576 0.577
ENSG00000197694 2 0.154 0.155
ENSG00000197892 2 0.465 0.468
ENSG00000197893 3 0.284 0.285
ENSG00000197943 2 0.666 0.668
ENSG00000198216 3 0.49 0.491
ENSG00000198399 2 0.766 0.767
ENSG00000198626 2 0.606 0.608
ENSG00000204120 2 0.407 0.408
ENSG00000204394 2 0.702 0.704
ENSG00000206190 3 0.253 0.254
ENSG00000214021 2 0.446 0.449
ENSG00000215421 2 0.106 0.111
ENSG00000222046 2 0.255 0.258
ENSG00000241119 2 0.434 0.436
ENSG00000241635 2 0.444 0.449
ENSG00000242366 2 0.412 0.423
ENSG00000242515 2 0.444 0.447
ENSG00000243207 2 0.34 0.343
ENSG00000244122 2 0.427 0.433
ENSG00000244474 2 0.381 0.388
ENSG00000250151 2 0.441 0.448
ENSG00000254709 3 0.774 0.775
ENSG00000269858 2 0.63 0.632
ENSG00000273079 2 0.69 0.692
ENSG00000275052 2 0.023 0.03
ENSG00000283321 2 0.728 0.73
ENSG00000285708 2 0.958 0.96
ENSG00000288702 2 0.482 0.484
ENSG00000288705 2 0.379 0.387
