ENSG00000001617 3 0.14 0.141
ENSG00000001626 2 0.868 0.871
ENSG00000003393 2 0.989 0.99
ENSG00000004399 2 0.465 0.469
ENSG00000005108 2 0.753 0.756
ENSG00000005381 2 0.009 0.012
ENSG00000005810 3 0.341 0.342
ENSG00000006283 3 0.662 0.663
ENSG00000006534 2 0.81 0.816
ENSG00000007202 2 0.796 0.797
ENSG00000007314 2 0.942 0.943
ENSG00000007341 2 0.894 0.897
ENSG00000008853 3 0.267 0.268
ENSG00000008869 2 0.879 0.88
ENSG00000010327 3 0.39 0.391
ENSG00000010818 3 0.854 0.855
ENSG00000011347 2 0.735 0.737
ENSG00000011405 2 0.511 0.513
ENSG00000011485 3 0.769 0.77
ENSG00000012124 2 0.421 0.422
ENSG00000015532 2 0.796 0.799
ENSG00000016602 2 0.152 0.157
ENSG00000022840 2 0.548 0.55
ENSG00000024048 4 0.628 0.629
ENSG00000030582 4 0.716 0.717
ENSG00000034677 2 0.379 0.381
ENSG00000038382 3 0.197 0.199
ENSG00000039139 2 0.89 0.891
ENSG00000040341 2 0.029 0.035
ENSG00000042753 2 0.609 0.611
ENSG00000042781 3 0.564 0.565
ENSG00000044090 3 0.553 0.554
ENSG00000047662 2 0.069 0.07
ENSG00000047849 2 0.193 0.201
ENSG00000048052 2 0.43 0.431
ENSG00000048471 2 0.897 0.898
ENSG00000048707 2 0.73 0.731
ENSG00000049618 3 0.561 0.562
ENSG00000050555 2 0.113 0.114
ENSG00000051341 2 0.182 0.186
ENSG00000053524 3 0.843 0.844
ENSG00000054118 2 0.293 0.294
ENSG00000054523 2 0 0.003
ENSG00000054654 2 0.402 0.403
ENSG00000055609 3 0.223 0.224
ENSG00000055732 2 0.963 0.964
ENSG00000056291 2 0.659 0.661
ENSG00000057252 2 0.084 0.088
ENSG00000062194 2 0.932 0.934
ENSG00000062524 2 0.29 0.296
ENSG00000064195 2 0.395 0.396
ENSG00000064309 2 0.376 0.378
ENSG00000064419 3 0.836 0.837
ENSG00000065526 3 0.007 0.008
ENSG00000065882 3 0.672 0.673
ENSG00000065883 2 0.094 0.099
ENSG00000066084 2 0.152 0.154
ENSG00000066135 2 0.483 0.487
ENSG00000066279 4 0.979 0.98
ENSG00000066322 2 0.953 0.96
ENSG00000066827 3 0.906 0.907
ENSG00000069248 2 0.699 0.701
ENSG00000070018 4 0.234 0.235
ENSG00000070182 2 0.492 0.496
ENSG00000070729 2 0.832 0.833
ENSG00000070882 2 0.885 0.886
ENSG00000072121 3 0.975 0.976
ENSG00000072134 3 0.058 0.059
ENSG00000072195 2 0.246 0.248
ENSG00000072201 2 0.426 0.427
ENSG00000072682 3 0.059 0.06
ENSG00000073350 2 0.671 0.673
ENSG00000074054 4 0.277 0.278
ENSG00000074181 2 0.657 0.658
ENSG00000075391 2 0.69 0.693
ENSG00000075539 3 0.118 0.12
ENSG00000075624 2 0.947 0.948
ENSG00000075643 2 0.879 0.882
ENSG00000075856 2 0.724 0.727
ENSG00000076356 3 0.992 0.995
ENSG00000077235 2 0.127 0.13
ENSG00000078177 2 0.141 0.149
ENSG00000078674 2 0.702 0.703
ENSG00000078814 2 0.057 0.059
ENSG00000080189 2 0.942 0.943
ENSG00000080493 2 0.05 0.053
ENSG00000080511 2 0.77 0.773
ENSG00000080603 7 0.755 0.756
ENSG00000080802 3 0.16 0.161
ENSG00000081248 3 0.581 0.582
ENSG00000081479 4 0.129 0.13
ENSG00000082269 2 0.29 0.294
ENSG00000083168 3 0.892 0.893
ENSG00000083799 3 0.387 0.388
ENSG00000084674 4 0.528 0.529
ENSG00000084676 2 0.223 0.225
ENSG00000084731 2 0.477 0.479
ENSG00000086015 2 0.286 0.287
ENSG00000086570 2 0.518 0.521
ENSG00000086696 2 0.735 0.737
ENSG00000087085 2 0.24 0.241
ENSG00000087303 2 0.962 0.963
ENSG00000087460 2 0.423 0.43
ENSG00000088367 2 0.532 0.538
ENSG00000089006 2 0.519 0.521
ENSG00000089169 2 0.347 0.351
ENSG00000089250 2 0.685 0.686
ENSG00000090060 2 0.288 0.291
ENSG00000090372 2 0.481 0.485
ENSG00000091157 2 0.388 0.389
ENSG00000091428 2 0.658 0.665
ENSG00000091536 3 0.157 0.158
ENSG00000091622 2 0.428 0.432
ENSG00000091656 2 0.923 0.924
ENSG00000092964 3 0.575 0.576
ENSG00000095319 2 0.293 0.295
ENSG00000095951 4 0.24 0.241
ENSG00000096433 2 0.529 0.53
ENSG00000099331 2 0.656 0.657
ENSG00000100014 2 0.839 0.84
ENSG00000100109 2 0.092 0.095
ENSG00000100345 2 0.862 0.863
ENSG00000100359 2 0.803 0.821
ENSG00000100368 3 0.5 0.502
ENSG00000100393 2 0.496 0.497
ENSG00000100412 3 0.497 0.498
ENSG00000100578 2 0.412 0.413
ENSG00000100697 2 0.978 0.98
ENSG00000101040 2 0.48 0.483
ENSG00000101292 2 0.805 0.811
ENSG00000101311 2 0.467 0.47
ENSG00000101337 2 0.439 0.442
ENSG00000101680 4 0.619 0.62
ENSG00000102452 2 0.159 0.165
ENSG00000102572 2 0.245 0.247
ENSG00000102763 3 0.067 0.068
ENSG00000102879 2 0.058 0.06
ENSG00000102921 2 0.215 0.222
ENSG00000102935 4 0.313 0.314
ENSG00000103034 2 0.882 0.884
ENSG00000103494 2 0.043 0.053
ENSG00000103534 2 0.518 0.522
ENSG00000103549 2 0.546 0.547
ENSG00000104093 2 0.348 0.352
ENSG00000104129 2 0.127 0.13
ENSG00000104133 4 0.389 0.39
ENSG00000104142 2 0.848 0.85
ENSG00000104517 3 0.211 0.212
ENSG00000104755 2 0.701 0.709
ENSG00000104808 2 0.299 0.3
ENSG00000105221 2 0.729 0.731
ENSG00000105287 2 0.961 0.962
ENSG00000105357 2 0.483 0.484
ENSG00000105409 2 0.341 0.343
ENSG00000105732 2 0.824 0.827
ENSG00000105737 2 0.817 0.822
ENSG00000105738 2 0.037 0.039
ENSG00000105877 2 0.746 0.747
ENSG00000106278 2 0.932 0.934
ENSG00000106290 3 0.32 0.321
ENSG00000106410 2 0.975 0.976
ENSG00000106415 2 0.505 0.506
ENSG00000106546 2 0.718 0.722
ENSG00000106571 2 0.015 0.017
ENSG00000106772 2 0.496 0.5
ENSG00000107036 3 0.48 0.482
ENSG00000107593 3 0.341 0.342
ENSG00000108344 2 0.959 0.969
ENSG00000108395 3 0.316 0.317
ENSG00000108557 2 0.378 0.379
ENSG00000108654 3 0.345 0.346
ENSG00000108813 2 0.14 0.146
ENSG00000109625 3 0.976 0.978
ENSG00000109927 4 0.826 0.827
ENSG00000109929 2 0.628 0.632
ENSG00000110066 2 0.548 0.552
ENSG00000110321 2 0.492 0.494
ENSG00000110514 4 0.176 0.177
ENSG00000110583 2 0.805 0.809
ENSG00000110723 2 0.083 0.095
ENSG00000110756 2 0.567 0.569
ENSG00000111087 2 0.425 0.426
ENSG00000111261 2 0.939 0.941
ENSG00000111602 3 0.543 0.545
ENSG00000111783 2 0.617 0.619
ENSG00000111799 3 0.238 0.239
ENSG00000111961 2 0.968 0.971
ENSG00000112367 2 0.063 0.067
ENSG00000112655 2 0.869 0.87
ENSG00000112659 2 0.273 0.274
ENSG00000112763 2 0.489 0.497
ENSG00000112769 2 0.533 0.535
ENSG00000113163 2 0.21 0.217
ENSG00000113263 2 0.997 0.999
ENSG00000113595 2 0.296 0.3
ENSG00000113615 3 0.097 0.098
ENSG00000114248 2 0.021 0.022
ENSG00000114554 3 0.81 0.811
ENSG00000114626 2 0.246 0.248
ENSG00000114770 4 0.769 0.77
ENSG00000114805 2 0.464 0.467
ENSG00000114861 2 0.97 0.971
ENSG00000114867 2 0.019 0.023
ENSG00000115020 2 0.934 0.935
ENSG00000115306 2 0.026 0.029
ENSG00000115414 2 0.607 0.608
ENSG00000115421 2 0.088 0.089
ENSG00000115524 5 0.68 0.681
ENSG00000115602 2 0.8 0.801
ENSG00000115760 3 0.249 0.25
ENSG00000115998 2 0.41 0.411
ENSG00000116005 2 0.81 0.811
ENSG00000116127 2 0.027 0.035
ENSG00000116212 2 0.779 0.781
ENSG00000116604 2 0.889 0.891
ENSG00000116698 2 0.801 0.802
ENSG00000116786 2 0.757 0.758
ENSG00000116977 2 0.103 0.105
ENSG00000116984 2 0.202 0.204
ENSG00000117139 6 0.087 0.088
ENSG00000117597 2 0.67 0.674
ENSG00000118322 2 0.332 0.333
ENSG00000118369 3 0.818 0.819
ENSG00000118482 2 0.809 0.81
ENSG00000118733 2 0.314 0.317
ENSG00000118873 2 0.351 0.356
ENSG00000118997 3 0.738 0.739
ENSG00000119042 2 0.327 0.328
ENSG00000119121 2 0.133 0.135
ENSG00000119596 2 0.913 0.914
ENSG00000119682 2 0.598 0.599
ENSG00000119685 2 0.232 0.233
ENSG00000119772 4 0.45 0.451
ENSG00000119777 3 0.118 0.119
ENSG00000121075 2 0.697 0.698
ENSG00000121552 2 0.719 0.724
ENSG00000122482 2 0.245 0.249
ENSG00000122778 2 0.593 0.596
ENSG00000122966 2 0.245 0.246
ENSG00000123384 2 0.874 0.875
ENSG00000123444 2 0.73 0.734
ENSG00000123636 2 0.29 0.294
ENSG00000124067 2 0.114 0.115
ENSG00000124177 3 0.159 0.16
ENSG00000124942 4 0.352 0.353
ENSG00000125409 2 0.596 0.599
ENSG00000125730 3 0.079 0.08
ENSG00000125944 2 0.726 0.728
ENSG00000125967 2 0.186 0.187
ENSG00000125998 2 0.663 0.664
ENSG00000127084 2 0.524 0.525
ENSG00000127481 2 0.48 0.487
ENSG00000127616 3 0.669 0.67
ENSG00000127831 2 0.975 0.978
ENSG00000127914 3 0.58 0.581
ENSG00000127955 2 0.341 0.342
ENSG00000127980 2 0.956 0.957
ENSG00000128463 2 0.6 0.601
ENSG00000128833 2 0.884 0.885
ENSG00000128849 2 0.035 0.037
ENSG00000130164 2 0.393 0.405
ENSG00000130287 2 0.151 0.154
ENSG00000130300 2 0.079 0.081
ENSG00000130309 2 0.42 0.421
ENSG00000130749 2 0.784 0.785
ENSG00000130811 2 0.129 0.133
ENSG00000131018 6 0.672 0.673
ENSG00000131023 2 0.034 0.035
ENSG00000131095 2 0.392 0.396
ENSG00000131504 2 0.127 0.134
ENSG00000131711 2 0.271 0.276
ENSG00000131737 2 0.55 0.551
ENSG00000131759 2 0.615 0.617
ENSG00000131844 2 0.588 0.589
ENSG00000132182 4 0.637 0.638
ENSG00000132294 2 0.486 0.489
ENSG00000132437 2 0.536 0.54
ENSG00000132464 2 0.029 0.035
ENSG00000132466 2 0.282 0.287
ENSG00000132510 2 0.064 0.068
ENSG00000132549 3 0.967 0.968
ENSG00000132694 2 0.623 0.624
ENSG00000133026 2 0.394 0.395
ENSG00000133392 2 0.92 0.922
ENSG00000133401 4 0.468 0.469
ENSG00000133612 2 0.847 0.849
ENSG00000133619 2 0.572 0.574
ENSG00000133863 2 0.497 0.499
ENSG00000134057 2 0.462 0.463
ENSG00000134247 3 0.451 0.452
ENSG00000134376 2 0.861 0.862
ENSG00000134575 2 0.718 0.719
ENSG00000134627 2 0.141 0.144
ENSG00000134909 2 0.528 0.531
ENSG00000135090 2 0.721 0.722
ENSG00000135298 3 0.356 0.357
ENSG00000135439 3 0.466 0.467
ENSG00000135519 3 0.614 0.615
ENSG00000135540 2 0.949 0.951
ENSG00000135636 3 0.845 0.846
ENSG00000135720 2 0.366 0.371
ENSG00000135837 2 0.252 0.254
ENSG00000135862 2 0.362 0.364
ENSG00000135899 2 0.432 0.433
ENSG00000135945 2 0.248 0.249
ENSG00000136068 3 0.045 0.046
ENSG00000136531 12 0.807 0.808
ENSG00000136535 4 0.177 0.178
ENSG00000136574 2 0.22 0.222
ENSG00000136854 2 0.619 0.623
ENSG00000136869 2 0.263 0.268
ENSG00000136928 2 0.666 0.669
ENSG00000137076 2 0.429 0.43
ENSG00000137101 2 0.752 0.755
ENSG00000137337 2 0.274 0.277
ENSG00000137497 3 0.153 0.154
ENSG00000137843 2 0.03 0.033
ENSG00000137877 2 0.412 0.413
ENSG00000137975 2 0.06 0.063
ENSG00000138002 2 0.98 0.983
ENSG00000138032 3 0.018 0.02
ENSG00000138080 2 0.119 0.121
ENSG00000138246 3 0.225 0.226
ENSG00000138336 3 0.796 0.797
ENSG00000138347 2 0.798 0.801
ENSG00000138363 2 0.791 0.794
ENSG00000138375 2 0.696 0.7
ENSG00000138398 2 0.163 0.165
ENSG00000138411 2 0.723 0.725
ENSG00000138614 2 0.969 0.971
ENSG00000138658 2 0.562 0.563
ENSG00000139083 2 0.314 0.315
ENSG00000139116 3 0.846 0.847
ENSG00000139155 2 0.475 0.476
ENSG00000139436 2 0.438 0.446
ENSG00000139540 2 0.612 0.617
ENSG00000139618 3 0.96 0.961
ENSG00000140464 2 0.539 0.541
ENSG00000140577 2 0.54 0.545
ENSG00000140836 2 0.327 0.328
ENSG00000141052 2 0.262 0.266
ENSG00000141639 2 0.864 0.866
ENSG00000141646 2 0.894 0.895
ENSG00000141867 2 0.064 0.07
ENSG00000142197 2 0.165 0.166
ENSG00000142599 2 0.196 0.197
ENSG00000142949 5 0.004 0.005
ENSG00000143033 2 0.335 0.337
ENSG00000143207 2 0.853 0.858
ENSG00000143322 2 0.464 0.465
ENSG00000143341 3 0.518 0.519
ENSG00000143344 2 0.753 0.754
ENSG00000143382 3 0.901 0.902
ENSG00000143442 3 0.619 0.62
ENSG00000143515 2 0.486 0.489
ENSG00000143776 2 0.586 0.588
ENSG00000143815 2 0.686 0.687
ENSG00000143889 2 0.546 0.548
ENSG00000144028 3 0.191 0.192
ENSG00000144285 6 0.057 0.058
ENSG00000144452 2 0.957 0.959
ENSG00000144535 2 0.386 0.387
ENSG00000144893 2 0.22 0.223
ENSG00000145191 2 0.486 0.488
ENSG00000145362 3 0.041 0.042
ENSG00000145391 2 0.94 0.943
ENSG00000145721 2 0.632 0.641
ENSG00000145864 3 0.316 0.317
ENSG00000145868 3 0.448 0.449
ENSG00000145934 4 0.361 0.362
ENSG00000146070 2 0.763 0.768
ENSG00000146414 2 0.347 0.349
ENSG00000146648 2 0.427 0.429
ENSG00000146828 2 0.945 0.946
ENSG00000146839 2 0.159 0.163
ENSG00000146904 2 0.761 0.762
ENSG00000147481 2 0.046 0.049
ENSG00000147606 2 0.746 0.75
ENSG00000148053 2 0.046 0.049
ENSG00000148143 2 0.328 0.33
ENSG00000148482 2 0.556 0.558
ENSG00000148840 3 0.437 0.438
ENSG00000149016 2 0.55 0.551
ENSG00000149256 3 0.606 0.607
ENSG00000149742 2 0.989 0.99
ENSG00000150051 2 0.255 0.256
ENSG00000150938 2 0.957 0.962
ENSG00000151150 2 0.874 0.875
ENSG00000151576 2 0.094 0.095
ENSG00000151623 2 0.395 0.398
ENSG00000151779 2 0.236 0.239
ENSG00000152217 2 0.552 0.554
ENSG00000152601 3 0.243 0.244
ENSG00000152969 2 0.477 0.48
ENSG00000153253 2 0.831 0.832
ENSG00000153827 3 0.708 0.709
ENSG00000154133 2 0.669 0.671
ENSG00000154134 3 0.357 0.358
ENSG00000154229 4 0.982 0.983
ENSG00000154305 2 0.769 0.77
ENSG00000154310 2 0.631 0.632
ENSG00000154358 3 0.928 0.929
ENSG00000155363 2 0.593 0.595
ENSG00000155380 2 0.264 0.266
ENSG00000155511 2 0.935 0.938
ENSG00000155657 15 0.702 0.703
ENSG00000155761 2 0.464 0.466
ENSG00000155980 2 0.015 0.018
ENSG00000156096 3 0.001 0.003
ENSG00000156113 4 0.007 0.008
ENSG00000156787 2 0.15 0.155
ENSG00000157014 2 0.243 0.244
ENSG00000157103 5 0.804 0.805
ENSG00000157388 3 0.713 0.715
ENSG00000158113 2 0.056 0.058
ENSG00000158163 2 0.534 0.537
ENSG00000159307 2 0.868 0.872
ENSG00000159399 2 0.629 0.631
ENSG00000159433 2 0.7 0.706
ENSG00000159459 2 0.733 0.735
ENSG00000159495 3 0.036 0.037
ENSG00000160613 2 0.836 0.837
ENSG00000160695 2 0.028 0.035
ENSG00000160703 2 0.849 0.853
ENSG00000160796 2 0.374 0.376
ENSG00000161298 2 0.169 0.177
ENSG00000161682 2 0.201 0.205
ENSG00000162337 3 0.657 0.658
ENSG00000162631 2 0.431 0.433
ENSG00000162687 2 0.144 0.147
ENSG00000162753 2 0.261 0.263
ENSG00000162775 2 0.105 0.109
ENSG00000162923 2 0.572 0.577
ENSG00000162946 2 0.588 0.589
ENSG00000163092 3 0.82 0.821
ENSG00000163312 2 0.147 0.162
ENSG00000163462 2 0.411 0.414
ENSG00000163482 2 0.476 0.478
ENSG00000163611 2 0.794 0.795
ENSG00000163625 2 0.493 0.496
ENSG00000163873 2 0.124 0.127
ENSG00000163885 2 0.985 0.988
ENSG00000163939 2 0.818 0.821
ENSG00000164050 2 0.165 0.166
ENSG00000164061 3 0.637 0.638
ENSG00000164068 2 0.627 0.629
ENSG00000164114 2 0.238 0.242
ENSG00000164199 2 0.231 0.235
ENSG00000164309 2 0.918 0.92
ENSG00000164325 2 0.933 0.942
ENSG00000164347 2 0.218 0.224
ENSG00000164530 2 0.23 0.231
ENSG00000164627 2 0.762 0.764
ENSG00000164694 2 0.054 0.06
ENSG00000164715 2 0.045 0.047
ENSG00000164879 2 0.426 0.428
ENSG00000164889 3 0.312 0.313
ENSG00000165219 4 0.275 0.276
ENSG00000165323 4 0.648 0.649
ENSG00000165494 2 0.852 0.853
ENSG00000165917 2 0.491 0.492
ENSG00000166147 4 0.871 0.872
ENSG00000166278 2 0.337 0.338
ENSG00000166501 2 0.599 0.606
ENSG00000166828 2 0.594 0.598
ENSG00000166833 3 0.987 0.988
ENSG00000167165 2 0.469 0.47
ENSG00000167210 2 0.451 0.455
ENSG00000167257 2 0.816 0.817
ENSG00000167548 4 0.669 0.67
ENSG00000167880 4 0.273 0.274
ENSG00000167986 2 0.917 0.918
ENSG00000168005 2 0.125 0.128
ENSG00000168014 2 0.362 0.368
ENSG00000168077 2 0.208 0.209
ENSG00000168137 3 0.123 0.124
ENSG00000168237 2 0.179 0.181
ENSG00000168256 2 0.345 0.351
ENSG00000168356 2 0.028 0.036
ENSG00000168411 2 0.957 0.958
ENSG00000168453 2 0.454 0.455
ENSG00000168477 2 0.377 0.38
ENSG00000168502 2 0.852 0.855
ENSG00000168538 2 0.82 0.821
ENSG00000168658 2 0.721 0.724
ENSG00000168758 2 0.72 0.721
ENSG00000168769 2 0.261 0.265
ENSG00000169375 2 0.283 0.285
ENSG00000169393 2 0.494 0.495
ENSG00000169851 2 0.366 0.367
ENSG00000169992 2 0.81 0.811
ENSG00000169994 3 0.544 0.546
ENSG00000170004 3 0.689 0.69
ENSG00000170209 2 0.679 0.68
ENSG00000170921 2 0.484 0.486
ENSG00000170927 5 0.454 0.455
ENSG00000171094 3 0.388 0.39
ENSG00000171115 2 0.742 0.744
ENSG00000171189 2 0.584 0.586
ENSG00000171241 3 0.949 0.95
ENSG00000171456 2 0.982 0.983
ENSG00000171634 2 0.01 0.021
ENSG00000171862 3 0.049 0.051
ENSG00000171914 3 0.974 0.976
ENSG00000171940 2 0.236 0.239
ENSG00000171988 2 0.646 0.647
ENSG00000172037 2 0.224 0.226
ENSG00000172071 2 0.014 0.015
ENSG00000172893 3 0.273 0.274
ENSG00000172985 2 0.744 0.746
ENSG00000173166 2 0.67 0.673
ENSG00000173175 4 0.354 0.355
ENSG00000173273 2 0.15 0.152
ENSG00000173482 3 0.986 0.987
ENSG00000173575 3 0.641 0.642
ENSG00000173706 2 0.801 0.802
ENSG00000173898 3 0.432 0.433
ENSG00000174106 2 0.032 0.034
ENSG00000174343 2 0.278 0.28
ENSG00000174485 2 0.657 0.659
ENSG00000174996 2 0.138 0.139
ENSG00000175087 2 0.535 0.536
ENSG00000175445 2 0.68 0.684
ENSG00000175745 2 0.722 0.723
ENSG00000175899 3 0.633 0.634
ENSG00000175984 2 0.699 0.7
ENSG00000177119 3 0.342 0.343
ENSG00000177200 3 0.055 0.056
ENSG00000177675 2 0.105 0.107
ENSG00000177728 2 0.978 0.979
ENSG00000177731 3 0.174 0.175
ENSG00000178031 2 0.712 0.714
ENSG00000179869 3 0.956 0.957
ENSG00000179915 2 0.047 0.05
ENSG00000180667 2 0.587 0.59
ENSG00000181222 2 0.38 0.382
ENSG00000182175 2 0.509 0.51
ENSG00000182348 2 0.622 0.625
ENSG00000182938 3 0.639 0.64
ENSG00000183091 3 0.388 0.389
ENSG00000183638 2 0.111 0.114
ENSG00000183655 2 0.152 0.154
ENSG00000183742 3 0.346 0.348
ENSG00000183856 2 0.421 0.426
ENSG00000183873 2 0.852 0.855
ENSG00000183914 5 0.328 0.329
ENSG00000184156 4 0.936 0.937
ENSG00000184677 2 0.63 0.632
ENSG00000185033 2 0.575 0.577
ENSG00000185052 2 0.49 0.493
ENSG00000185274 2 0.755 0.756
ENSG00000185340 2 0.008 0.01
ENSG00000185379 2 0.018 0.02
ENSG00000186174 2 0.654 0.657
ENSG00000186204 2 0.317 0.318
ENSG00000186260 2 0.67 0.674
ENSG00000186472 3 0.882 0.883
ENSG00000186566 2 0.701 0.703
ENSG00000186976 2 0.392 0.396
ENSG00000187815 2 0.591 0.592
ENSG00000187833 2 0.715 0.718
ENSG00000188522 2 0.162 0.163
ENSG00000189056 5 0.218 0.219
ENSG00000189091 2 0 0.001
ENSG00000196091 2 0.992 0.994
ENSG00000196104 3 0.012 0.014
ENSG00000196159 5 0.407 0.408
ENSG00000196218 6 0.24 0.241
ENSG00000196220 2 0.847 0.85
ENSG00000196277 2 0.83 0.831
ENSG00000196296 4 0.384 0.385
ENSG00000196361 2 0.021 0.022
ENSG00000196365 2 0.243 0.244
ENSG00000196367 5 0.755 0.756
ENSG00000196498 4 0.389 0.39
ENSG00000196531 4 0.339 0.34
ENSG00000196547 2 0.613 0.619
ENSG00000196652 2 0.417 0.42
ENSG00000196712 2 0.199 0.202
ENSG00000196730 2 0.855 0.856
ENSG00000196876 2 0.431 0.432
ENSG00000197081 2 0.35 0.355
ENSG00000197283 4 0.617 0.618
ENSG00000197410 2 0.529 0.53
ENSG00000197535 2 0.159 0.16
ENSG00000197603 2 0.729 0.732
ENSG00000197653 4 0.561 0.562
ENSG00000197694 2 0.155 0.159
ENSG00000197892 2 0.485 0.487
ENSG00000197893 3 0.272 0.273
ENSG00000197943 2 0.649 0.651
ENSG00000198216 4 0.677 0.678
ENSG00000198373 2 0.935 0.939
ENSG00000198399 3 0.705 0.706
ENSG00000198626 2 0.625 0.627
ENSG00000198838 2 0.594 0.595
ENSG00000198853 2 0.465 0.467
ENSG00000198873 2 0.871 0.873
ENSG00000204120 2 0.425 0.426
ENSG00000204186 2 0.85 0.852
ENSG00000204394 2 0.711 0.713
ENSG00000204469 2 0.275 0.276
ENSG00000206073 2 0.256 0.262
ENSG00000206190 4 0.47 0.471
ENSG00000213512 2 0.976 0.977
ENSG00000214021 2 0.448 0.451
ENSG00000215421 2 0.116 0.128
ENSG00000222046 2 0.232 0.237
ENSG00000236320 2 0.359 0.364
ENSG00000239306 2 0.438 0.44
ENSG00000241119 2 0.439 0.444
ENSG00000241635 2 0.457 0.46
ENSG00000242366 2 0.393 0.399
ENSG00000242515 2 0.429 0.433
ENSG00000243207 2 0.345 0.354
ENSG00000244122 2 0.429 0.433
ENSG00000244474 2 0.42 0.433
ENSG00000250151 2 0.392 0.393
ENSG00000254709 3 0.783 0.784
ENSG00000269858 2 0.631 0.632
ENSG00000272333 2 0.316 0.319
ENSG00000273079 2 0.685 0.686
ENSG00000275052 2 0.018 0.026
ENSG00000275066 2 0.131 0.135
ENSG00000275342 2 0.932 0.933
ENSG00000275395 2 0.893 0.896
ENSG00000277399 2 0.921 0.923
ENSG00000283321 2 0.704 0.705
ENSG00000285708 2 0.976 0.978
ENSG00000288702 2 0.46 0.462
ENSG00000288705 2 0.385 0.388
