ENSG00000001617 2 0.019 0.02
ENSG00000003393 2 0.992 0.993
ENSG00000005381 2 0.013 0.016
ENSG00000005810 3 0.336 0.337
ENSG00000006283 3 0.678 0.679
ENSG00000007314 2 0.947 0.95
ENSG00000007341 2 0.888 0.895
ENSG00000010327 3 0.364 0.365
ENSG00000011347 2 0.762 0.763
ENSG00000011485 3 0.77 0.771
ENSG00000012124 2 0.447 0.449
ENSG00000015532 2 0.809 0.81
ENSG00000016602 2 0.146 0.149
ENSG00000022840 2 0.533 0.534
ENSG00000024048 3 0.846 0.847
ENSG00000030582 4 0.691 0.692
ENSG00000034677 2 0.377 0.379
ENSG00000038382 3 0.243 0.244
ENSG00000040341 2 0.029 0.038
ENSG00000042753 2 0.61 0.614
ENSG00000042781 3 0.545 0.546
ENSG00000044090 3 0.576 0.577
ENSG00000048052 2 0.417 0.418
ENSG00000048707 2 0.734 0.736
ENSG00000049618 3 0.575 0.576
ENSG00000050555 2 0.119 0.121
ENSG00000051341 2 0.174 0.178
ENSG00000053524 3 0.844 0.845
ENSG00000054118 2 0.33 0.331
ENSG00000054523 2 0 0.001
ENSG00000055609 3 0.195 0.196
ENSG00000055732 2 0.973 0.975
ENSG00000062524 2 0.277 0.278
ENSG00000064195 2 0.392 0.393
ENSG00000064309 2 0.36 0.361
ENSG00000064419 2 0.656 0.657
ENSG00000065526 3 0.009 0.01
ENSG00000065883 2 0.098 0.104
ENSG00000066084 2 0.16 0.164
ENSG00000066279 3 0.979 0.98
ENSG00000066322 2 0.938 0.946
ENSG00000066827 2 0.769 0.771
ENSG00000069248 2 0.708 0.712
ENSG00000070018 3 0.294 0.295
ENSG00000070182 2 0.478 0.48
ENSG00000070729 2 0.841 0.842
ENSG00000072134 2 0.056 0.061
ENSG00000072195 2 0.271 0.272
ENSG00000072201 2 0.448 0.454
ENSG00000072682 3 0.083 0.084
ENSG00000073350 2 0.693 0.696
ENSG00000074054 4 0.27 0.271
ENSG00000074181 2 0.666 0.667
ENSG00000075391 2 0.73 0.732
ENSG00000075539 2 0.075 0.084
ENSG00000075643 2 0.847 0.848
ENSG00000075856 2 0.732 0.733
ENSG00000076356 3 0.996 0.997
ENSG00000077235 2 0.122 0.123
ENSG00000078177 2 0.14 0.15
ENSG00000080189 2 0.926 0.927
ENSG00000080493 2 0.046 0.052
ENSG00000080511 2 0.746 0.747
ENSG00000080603 6 0.623 0.624
ENSG00000080802 2 0.142 0.146
ENSG00000081248 3 0.57 0.571
ENSG00000081479 4 0.144 0.145
ENSG00000082269 2 0.294 0.296
ENSG00000084674 4 0.528 0.529
ENSG00000084676 2 0.259 0.263
ENSG00000086015 2 0.258 0.259
ENSG00000086570 2 0.516 0.52
ENSG00000086696 2 0.724 0.726
ENSG00000087085 2 0.214 0.215
ENSG00000087303 2 0.953 0.954
ENSG00000087460 2 0.414 0.421
ENSG00000088367 2 0.541 0.544
ENSG00000089006 2 0.543 0.545
ENSG00000089169 2 0.351 0.352
ENSG00000090060 2 0.266 0.268
ENSG00000090372 2 0.478 0.482
ENSG00000091157 2 0.414 0.415
ENSG00000091536 3 0.123 0.124
ENSG00000091656 2 0.928 0.929
ENSG00000092964 3 0.563 0.564
ENSG00000095319 2 0.265 0.267
ENSG00000095951 2 0.564 0.566
ENSG00000096433 2 0.51 0.515
ENSG00000099331 2 0.615 0.62
ENSG00000100014 2 0.848 0.849
ENSG00000100109 2 0.111 0.113
ENSG00000100359 2 0.805 0.821
ENSG00000100368 2 0.235 0.236
ENSG00000100393 2 0.466 0.467
ENSG00000100412 2 0.799 0.8
ENSG00000100578 2 0.376 0.379
ENSG00000100697 2 0.965 0.969
ENSG00000101311 2 0.501 0.503
ENSG00000101680 2 0.611 0.612
ENSG00000102452 2 0.146 0.147
ENSG00000102763 2 0.07 0.074
ENSG00000102879 2 0.052 0.055
ENSG00000102935 2 0.743 0.744
ENSG00000103034 2 0.883 0.884
ENSG00000103494 2 0.032 0.037
ENSG00000104093 2 0.357 0.359
ENSG00000104129 2 0.128 0.13
ENSG00000104133 3 0.624 0.625
ENSG00000104517 3 0.193 0.194
ENSG00000104755 2 0.732 0.733
ENSG00000105221 2 0.736 0.737
ENSG00000105287 2 0.96 0.961
ENSG00000105357 2 0.474 0.476
ENSG00000105409 2 0.361 0.364
ENSG00000105732 2 0.803 0.804
ENSG00000105737 2 0.828 0.833
ENSG00000105738 2 0.033 0.036
ENSG00000105877 2 0.751 0.752
ENSG00000106278 2 0.923 0.925
ENSG00000106290 3 0.317 0.318
ENSG00000106546 2 0.72 0.722
ENSG00000106571 2 0.018 0.02
ENSG00000106772 2 0.491 0.492
ENSG00000107036 2 0.322 0.324
ENSG00000107593 3 0.36 0.361
ENSG00000108395 2 0.66 0.661
ENSG00000108557 2 0.362 0.364
ENSG00000108654 3 0.323 0.324
ENSG00000108813 2 0.121 0.132
ENSG00000109625 2 0.953 0.958
ENSG00000109927 4 0.805 0.806
ENSG00000110066 2 0.58 0.581
ENSG00000110321 2 0.49 0.491
ENSG00000110514 2 0.538 0.54
ENSG00000110723 2 0.06 0.072
ENSG00000111261 2 0.935 0.936
ENSG00000111602 3 0.547 0.548
ENSG00000112367 2 0.054 0.059
ENSG00000112655 2 0.868 0.869
ENSG00000112659 2 0.269 0.271
ENSG00000112763 2 0.5 0.507
ENSG00000113163 2 0.224 0.227
ENSG00000113263 2 0.995 0.997
ENSG00000113595 2 0.277 0.28
ENSG00000113615 2 0.125 0.128
ENSG00000114248 2 0.027 0.03
ENSG00000114554 3 0.834 0.835
ENSG00000114626 2 0.258 0.26
ENSG00000114770 4 0.77 0.771
ENSG00000114861 2 0.97 0.976
ENSG00000115020 2 0.922 0.923
ENSG00000115306 2 0.042 0.046
ENSG00000115414 2 0.632 0.633
ENSG00000115421 2 0.1 0.103
ENSG00000115524 4 0.495 0.496
ENSG00000115602 2 0.819 0.82
ENSG00000115760 2 0.256 0.266
ENSG00000115998 2 0.437 0.438
ENSG00000116127 2 0.028 0.031
ENSG00000116786 2 0.776 0.778
ENSG00000116984 2 0.217 0.219
ENSG00000117139 4 0.005 0.006
ENSG00000118322 2 0.335 0.338
ENSG00000118369 3 0.833 0.834
ENSG00000118482 2 0.844 0.845
ENSG00000118997 2 0.775 0.776
ENSG00000119042 2 0.305 0.307
ENSG00000119121 2 0.129 0.131
ENSG00000119596 2 0.907 0.91
ENSG00000119682 2 0.598 0.599
ENSG00000119685 2 0.24 0.245
ENSG00000119772 4 0.463 0.464
ENSG00000119777 3 0.118 0.12
ENSG00000121075 2 0.692 0.693
ENSG00000121552 2 0.736 0.738
ENSG00000122778 2 0.594 0.599
ENSG00000122966 2 0.208 0.209
ENSG00000123444 2 0.734 0.737
ENSG00000124177 2 0.169 0.173
ENSG00000124942 2 0.617 0.62
ENSG00000125409 2 0.589 0.596
ENSG00000125730 3 0.076 0.077
ENSG00000125944 2 0.71 0.711
ENSG00000125998 2 0.686 0.687
ENSG00000127481 2 0.5 0.503
ENSG00000127616 3 0.642 0.643
ENSG00000127831 2 0.98 0.983
ENSG00000127914 2 0.816 0.818
ENSG00000127955 2 0.36 0.361
ENSG00000128463 2 0.593 0.594
ENSG00000128833 2 0.883 0.884
ENSG00000128849 2 0.026 0.03
ENSG00000130287 2 0.149 0.152
ENSG00000130300 2 0.078 0.086
ENSG00000130749 2 0.767 0.768
ENSG00000130811 2 0.119 0.12
ENSG00000131018 5 0.738 0.739
ENSG00000131095 2 0.393 0.394
ENSG00000131504 2 0.143 0.149
ENSG00000131737 2 0.564 0.565
ENSG00000131844 2 0.614 0.615
ENSG00000132182 3 0.477 0.478
ENSG00000132294 2 0.494 0.495
ENSG00000132466 2 0.279 0.281
ENSG00000132510 2 0.062 0.065
ENSG00000133026 2 0.386 0.387
ENSG00000133392 2 0.913 0.921
ENSG00000133401 2 0.797 0.799
ENSG00000133619 2 0.578 0.581
ENSG00000133863 2 0.444 0.445
ENSG00000134057 2 0.504 0.506
ENSG00000134247 3 0.485 0.486
ENSG00000134376 2 0.857 0.858
ENSG00000134575 2 0.689 0.69
ENSG00000134627 2 0.129 0.133
ENSG00000134909 2 0.549 0.552
ENSG00000135090 2 0.731 0.732
ENSG00000135298 3 0.368 0.369
ENSG00000135439 3 0.468 0.469
ENSG00000135519 2 0.878 0.879
ENSG00000135540 2 0.95 0.951
ENSG00000135636 3 0.848 0.85
ENSG00000135720 2 0.332 0.333
ENSG00000135837 2 0.249 0.251
ENSG00000135899 2 0.407 0.408
ENSG00000135945 2 0.246 0.248
ENSG00000136068 2 0.034 0.037
ENSG00000136531 11 0.674 0.675
ENSG00000136535 4 0.16 0.161
ENSG00000136574 2 0.2 0.203
ENSG00000136854 2 0.63 0.637
ENSG00000136928 2 0.677 0.678
ENSG00000137337 2 0.27 0.278
ENSG00000137497 3 0.122 0.123
ENSG00000137975 2 0.057 0.064
ENSG00000138002 2 0.982 0.983
ENSG00000138032 3 0.017 0.019
ENSG00000138080 2 0.102 0.103
ENSG00000138246 3 0.208 0.21
ENSG00000138336 3 0.796 0.797
ENSG00000138363 2 0.798 0.805
ENSG00000138398 2 0.182 0.188
ENSG00000138411 2 0.665 0.666
ENSG00000138614 2 0.973 0.975
ENSG00000138658 2 0.562 0.564
ENSG00000139083 2 0.335 0.337
ENSG00000139116 2 0.695 0.699
ENSG00000139155 2 0.453 0.454
ENSG00000139436 2 0.452 0.454
ENSG00000139540 2 0.619 0.622
ENSG00000139618 3 0.947 0.948
ENSG00000140464 2 0.546 0.548
ENSG00000140577 2 0.535 0.536
ENSG00000140836 2 0.359 0.36
ENSG00000141052 2 0.259 0.264
ENSG00000141639 2 0.827 0.828
ENSG00000141646 2 0.89 0.891
ENSG00000141867 2 0.055 0.059
ENSG00000142949 3 0.008 0.009
ENSG00000143033 2 0.314 0.316
ENSG00000143207 2 0.845 0.847
ENSG00000143322 2 0.48 0.481
ENSG00000143341 2 0.929 0.93
ENSG00000143344 2 0.751 0.755
ENSG00000143382 2 0.789 0.791
ENSG00000143515 2 0.453 0.459
ENSG00000143815 2 0.68 0.682
ENSG00000144028 2 0.204 0.208
ENSG00000144285 5 0.124 0.125
ENSG00000144535 2 0.377 0.381
ENSG00000145191 2 0.461 0.463
ENSG00000145362 3 0.033 0.034
ENSG00000145721 2 0.643 0.649
ENSG00000145864 3 0.327 0.328
ENSG00000145868 2 0.462 0.463
ENSG00000145934 2 0.673 0.676
ENSG00000146070 2 0.718 0.72
ENSG00000146648 2 0.42 0.425
ENSG00000146828 2 0.943 0.949
ENSG00000146904 2 0.772 0.773
ENSG00000147481 2 0.041 0.042
ENSG00000148143 2 0.317 0.319
ENSG00000148482 2 0.556 0.558
ENSG00000148840 2 0.133 0.138
ENSG00000149742 2 0.985 0.989
ENSG00000150051 2 0.263 0.264
ENSG00000151150 2 0.885 0.886
ENSG00000151576 2 0.09 0.093
ENSG00000151623 2 0.379 0.381
ENSG00000151779 2 0.211 0.214
ENSG00000152217 2 0.528 0.53
ENSG00000152601 2 0.304 0.305
ENSG00000153827 3 0.695 0.696
ENSG00000154229 3 0.964 0.965
ENSG00000154305 2 0.751 0.752
ENSG00000154358 3 0.916 0.917
ENSG00000155380 2 0.24 0.244
ENSG00000155511 2 0.938 0.939
ENSG00000155657 11 0.956 0.957
ENSG00000155761 2 0.462 0.465
ENSG00000155980 2 0.014 0.017
ENSG00000156113 4 0.004 0.005
ENSG00000156787 2 0.169 0.172
ENSG00000157014 2 0.293 0.294
ENSG00000157103 5 0.834 0.835
ENSG00000157388 2 0.421 0.423
ENSG00000158113 2 0.071 0.075
ENSG00000158163 2 0.559 0.562
ENSG00000159307 2 0.863 0.866
ENSG00000159459 2 0.758 0.762
ENSG00000159495 2 0.074 0.08
ENSG00000160703 2 0.859 0.867
ENSG00000160796 2 0.362 0.363
ENSG00000161298 2 0.163 0.168
ENSG00000161682 2 0.195 0.197
ENSG00000162337 2 0.714 0.715
ENSG00000162631 2 0.415 0.418
ENSG00000162753 2 0.251 0.259
ENSG00000162775 2 0.095 0.099
ENSG00000162946 2 0.57 0.572
ENSG00000163092 2 0.46 0.463
ENSG00000163482 2 0.457 0.458
ENSG00000163625 2 0.511 0.513
ENSG00000163873 2 0.106 0.108
ENSG00000164061 2 0.823 0.824
ENSG00000164199 2 0.219 0.221
ENSG00000164309 2 0.93 0.933
ENSG00000164347 2 0.184 0.188
ENSG00000164530 2 0.184 0.186
ENSG00000164879 2 0.433 0.434
ENSG00000164889 2 0.107 0.11
ENSG00000165219 3 0.037 0.038
ENSG00000165323 4 0.64 0.641
ENSG00000166147 4 0.89 0.891
ENSG00000166833 3 0.979 0.98
ENSG00000167165 2 0.477 0.484
ENSG00000167210 2 0.472 0.474
ENSG00000167257 2 0.826 0.827
ENSG00000167548 2 0.551 0.552
ENSG00000167880 3 0.154 0.155
ENSG00000168014 2 0.395 0.398
ENSG00000168077 2 0.208 0.21
ENSG00000168137 3 0.106 0.107
ENSG00000168237 2 0.194 0.195
ENSG00000168256 2 0.353 0.357
ENSG00000168356 2 0.034 0.039
ENSG00000168411 2 0.961 0.962
ENSG00000168453 2 0.455 0.456
ENSG00000168502 2 0.838 0.842
ENSG00000168538 2 0.822 0.824
ENSG00000168658 2 0.703 0.705
ENSG00000168769 2 0.252 0.256
ENSG00000169375 2 0.286 0.287
ENSG00000169393 2 0.526 0.528
ENSG00000169992 2 0.824 0.825
ENSG00000169994 3 0.536 0.537
ENSG00000170004 2 0.813 0.815
ENSG00000170209 2 0.662 0.665
ENSG00000170921 2 0.45 0.451
ENSG00000170927 4 0.409 0.41
ENSG00000171862 3 0.059 0.06
ENSG00000171914 3 0.971 0.972
ENSG00000172037 2 0.203 0.207
ENSG00000172071 2 0.02 0.022
ENSG00000173175 4 0.336 0.337
ENSG00000173273 2 0.16 0.162
ENSG00000173482 3 0.987 0.988
ENSG00000173575 3 0.649 0.65
ENSG00000173706 2 0.786 0.788
ENSG00000174106 2 0.017 0.021
ENSG00000174343 2 0.276 0.277
ENSG00000174485 2 0.653 0.654
ENSG00000174842 2 0.998 0.999
ENSG00000175087 2 0.541 0.542
ENSG00000175745 2 0.703 0.704
ENSG00000175899 2 0.586 0.59
ENSG00000175984 2 0.71 0.714
ENSG00000177119 2 0.428 0.432
ENSG00000177200 3 0.071 0.072
ENSG00000177675 2 0.098 0.102
ENSG00000177728 2 0.983 0.984
ENSG00000177731 2 0.379 0.38
ENSG00000179869 3 0.955 0.956
ENSG00000179915 2 0.034 0.035
ENSG00000180667 2 0.573 0.574
ENSG00000182175 2 0.506 0.509
ENSG00000182348 2 0.608 0.61
ENSG00000182938 3 0.651 0.652
ENSG00000183091 3 0.391 0.392
ENSG00000183638 2 0.119 0.123
ENSG00000183655 2 0.125 0.126
ENSG00000183742 2 0.493 0.497
ENSG00000183856 2 0.425 0.429
ENSG00000183914 4 0.158 0.159
ENSG00000184156 4 0.934 0.935
ENSG00000185033 2 0.575 0.579
ENSG00000185340 2 0.005 0.008
ENSG00000185379 2 0.023 0.026
ENSG00000186174 2 0.635 0.64
ENSG00000186472 2 0.655 0.656
ENSG00000186976 2 0.389 0.391
ENSG00000187815 2 0.601 0.602
ENSG00000189056 4 0.278 0.279
ENSG00000196091 2 0.982 0.984
ENSG00000196159 3 0.367 0.368
ENSG00000196218 6 0.247 0.248
ENSG00000196220 2 0.838 0.84
ENSG00000196277 2 0.823 0.824
ENSG00000196296 3 0.536 0.537
ENSG00000196361 2 0.025 0.029
ENSG00000196367 5 0.766 0.767
ENSG00000196531 3 0.421 0.422
ENSG00000196652 2 0.391 0.392
ENSG00000196730 2 0.878 0.88
ENSG00000196876 2 0.41 0.412
ENSG00000197081 2 0.375 0.376
ENSG00000197283 4 0.627 0.628
ENSG00000197653 4 0.588 0.589
ENSG00000197694 2 0.153 0.157
ENSG00000197892 2 0.464 0.47
ENSG00000197893 3 0.298 0.299
ENSG00000197943 2 0.671 0.676
ENSG00000198216 3 0.466 0.467
ENSG00000198399 2 0.766 0.768
ENSG00000198626 2 0.653 0.656
ENSG00000204120 2 0.443 0.444
ENSG00000204394 2 0.706 0.707
ENSG00000206190 3 0.295 0.297
ENSG00000214021 2 0.452 0.455
ENSG00000215421 2 0.106 0.109
ENSG00000222046 2 0.266 0.267
ENSG00000241119 2 0.428 0.436
ENSG00000241635 2 0.441 0.446
ENSG00000242366 2 0.406 0.407
ENSG00000242515 2 0.433 0.435
ENSG00000243207 2 0.351 0.359
ENSG00000244122 2 0.402 0.403
ENSG00000244474 2 0.383 0.386
ENSG00000250151 2 0.444 0.448
ENSG00000254709 3 0.772 0.773
ENSG00000269858 2 0.654 0.657
ENSG00000273079 2 0.689 0.69
ENSG00000275052 2 0.024 0.031
ENSG00000283321 2 0.694 0.697
ENSG00000285708 2 0.961 0.965
ENSG00000288702 2 0.445 0.449
ENSG00000288705 2 0.416 0.42
