non-hypermutable 1.33333333333333 3.5 1.5 2.66666666666667 0.625 1.57142857142857 tRNA
non-hypermutable 1 0.75 1 0.333333333333333 0.833333333333333 1.5 tRNA
non-hypermutable 0.666666666666667 1.5 0.2 2.4 0.5 1 tRNA
non-hypermutable 1.33333333333333 5 1 0.75 0.571428571428571 2.5 tRNA
non-hypermutable 0.8 1.33333333333333 0.5 0.4 0.2 0.5 tRNA
non-hypermutable 0.25 2 0.666666666666667 0.75 0.5 1.1 tRNA
RNU 5.66666666666667 12.5 4.5 5.33333333333333 7 11.5 RNU
non-hypermutable 1.25 3 1 0.666666666666667 2 2 tRNA
non-hypermutable 0.666666666666667 3.33333333333333 1 0.75 1.5 2.33333333333333 tRNA
tRNA 1.66666666666667 2.75 1.5 2 1.875 2.5 tRNA
non-hypermutable 0.5 2.33333333333333 0.5 4 0.5 1.6 tRNA
tRNA 4 4.5 1.66666666666667 3.16666666666667 2.71428571428571 2.83333333333333 tRNA
non-hypermutable 1.33333333333333 1.75 0.666666666666667 1.5 1.5 2.25 tRNA
tRNA 3.25 9 4 4 2.25 3.75 tRNA
non-hypermutable 1 1.25 1.33333333333333 0.666666666666667 0.2 1.4 tRNA
tRNA 5.5 10 4.66666666666667 4 5 4.125 tRNA
non-hypermutable 2.66666666666667 5.66666666666667 2.5 2.5 3.33333333333333 2.75 RNU
RNU 10.6666666666667 12.6666666666667 6.5 7.33333333333333 11.6666666666667 4.33333333333333 RNU
tRNA 2.75 7.66666666666667 2 5 3.4 5.5 tRNA
non-hypermutable 2.25 5.66666666666667 2.5 4.5 2.25 2.5 tRNA
tRNA 4 6 1.33333333333333 4.33333333333333 2.83333333333333 3.625 tRNA
non-hypermutable 1.5 4.33333333333333 0.5 1.5 0.25 1.5 tRNA
non-hypermutable 1 1.66666666666667 0 0.5 0.2 1.16666666666667 tRNA
tRNA 2.66666666666667 7.5 8 3 3 4 tRNA
tRNA 4.33333333333333 8 5 4 3.66666666666667 4.125 tRNA
non-hypermutable 0.333333333333333 0.5 0.5 1 0.5 1 tRNA
non-hypermutable 1 1 0.5 1.4 0.5 0.928571428571429 tRNA
tRNA 3.66666666666667 9.33333333333333 1 5.5 4.5 3.625 tRNA
non-hypermutable 0.5 1 0.666666666666667 1.33333333333333 0.833333333333333 0.8 tRNA
non-hypermutable 0 2.5 1 2 1 0.833333333333333 tRNA
non-hypermutable 0.25 0.333333333333333 0.5 1 0.333333333333333 0.5 tRNA
non-hypermutable 0.333333333333333 3 0 1.33333333333333 1.57142857142857 1.1875 tRNA
non-hypermutable 2 5 0.666666666666667 3.66666666666667 1.33333333333333 2.875 tRNA
non-hypermutable 0.25 3 1.5 2 0.666666666666667 1.5 tRNA
non-hypermutable 0.5 2 0 1 0.8 0.75 tRNA
non-hypermutable 2 3.66666666666667 1 2.66666666666667 1.28571428571429 3.5 tRNA
non-hypermutable 1.33333333333333 3.66666666666667 0.333333333333333 1 1.57142857142857 1.5 tRNA
non-hypermutable 0 2 0 0 0.5 0.833333333333333 tRNA
tRNA 10 12.5 3.5 6.33333333333333 4.83333333333333 6.5 tRNA
tRNA 5.33333333333333 7.33333333333333 1.66666666666667 2.6 3.14285714285714 2.75 tRNA
RNU 10.6666666666667 11 10 7 8.33333333333333 3.25 RNU
non-hypermutable 0.75 5 0.75 1.4 1.1 2 tRNA
non-hypermutable 0.5 2.66666666666667 1 1.33333333333333 0.363636363636364 1.42857142857143 tRNA
non-hypermutable 1.33333333333333 5 4 2.5 1 2.125 tRNA
non-hypermutable 0.75 4 0.5 2.2 0.727272727272727 1.57142857142857 tRNA
non-hypermutable 0.666666666666667 1.33333333333333 1.5 1 0.25 1 tRNA
non-hypermutable 3.33333333333333 2 1.66666666666667 1.5 1.71428571428571 1.3125 tRNA
tRNA 4 5.5 4.5 4 4 2.875 tRNA
non-hypermutable 0.75 2 1 1 1 1.21428571428571 tRNA
tRNA 4.75 8.33333333333333 1.33333333333333 4 2.8 6.33333333333333 tRNA
non-hypermutable 1.33333333333333 2.66666666666667 0.5 1.5 0.142857142857143 1.2 tRNA
non-hypermutable 0.5 3 1 2.5 2 2 tRNA
tRNA 2.2 5.25 2 2.75 3 2.3 tRNA
tRNA 3.5 4.5 3 1.33333333333333 3 2.375 tRNA
tRNA 4.33333333333333 6.33333333333333 3.5 3.66666666666667 2.33333333333333 3 tRNA
tRNA 4 6.25 2.33333333333333 3 1.75 3.125 tRNA
non-hypermutable 0.333333333333333 0.666666666666667 0 2.5 0.5 1.125 tRNA
non-hypermutable 0.666666666666667 1.75 0.333333333333333 2.5 0.333333333333333 1 tRNA
non-hypermutable 0.333333333333333 0.75 1 1.5 0 0.75 tRNA
non-hypermutable 1.33333333333333 1.33333333333333 0 2.5 0.25 1.16666666666667 tRNA
non-hypermutable 1 1.33333333333333 0 1.33333333333333 0.444444444444444 1.125 tRNA
non-hypermutable 1 1.66666666666667 0.333333333333333 3 1.375 2.08333333333333 tRNA
non-hypermutable 0.25 1.66666666666667 0.5 0.5 0.166666666666667 0.625 tRNA
non-hypermutable 2.33333333333333 2.33333333333333 0.75 2.25 0.125 1.7 tRNA
non-hypermutable 3 5 1.5 3 1 3.16666666666667 tRNA
tRNA 3.33333333333333 6 3 4 2.6 3.5 tRNA
non-hypermutable 1.33333333333333 3.33333333333333 2.5 2.5 2.75 1.1 tRNA
tRNA 2.16666666666667 6.75 2.75 3 3.71428571428571 3.375 tRNA
non-hypermutable 0.25 2.25 1 1.33333333333333 1 1 tRNA
non-hypermutable 0 3.5 1.33333333333333 1.4 0.777777777777778 1.42857142857143 tRNA
non-hypermutable 0.666666666666667 1.25 0.5 0 0.25 1 tRNA
tRNA 4 7.5 3.33333333333333 2.8 4.14285714285714 3.5 tRNA
non-hypermutable 2.25 6 2.5 2 1.4 4.5 tRNA
non-hypermutable 0.666666666666667 0 1 1 0.375 1 tRNA
tRNA 6 4.25 6 4.5 4.16666666666667 4.5 tRNA
RNU 12.5 9 10 5.33333333333333 8.33333333333333 3 RNU
non-hypermutable 0.6 2.66666666666667 0.5 2.5 0.666666666666667 0.625 Imunoglobulin
non-hypermutable 0.333333333333333 0.333333333333333 1.5 1 0.333333333333333 0.5 Imunoglobulin
non-hypermutable 0.666666666666667 0.75 0.333333333333333 0.333333333333333 0.5 0.666666666666667 Imunoglobulin
RNU 11.3333333333333 10.75 13.5 7 9.5 6 RNU
non-hypermutable 1 1 0.333333333333333 1 0.2 1.16666666666667 Imunoglobulin
tRNA 3 5.33333333333333 3.5 2.33333333333333 3.6 3.1 tRNA
non-hypermutable 4 6.66666666666667 1.33333333333333 1 1.28571428571429 2.25 Imunoglobulin
non-hypermutable 1 2 0.5 0.5 0 1 tRNA
non-hypermutable 1 1 1.5 0.25 0.571428571428571 0.6875 Imunoglobulin
tRNA 3.33333333333333 5.25 2 4.5 3 4 tRNA
tRNA 1.75 7 1.5 1.5 2.28571428571429 2.875 tRNA
non-hypermutable 1 2 2 1.5 1 0.5 Imunoglobulin
non-hypermutable 0.6 1.75 1.66666666666667 0.666666666666667 0.5 1 Imunoglobulin
non-hypermutable 0 1.33333333333333 0 0 0.75 1.16666666666667 tRNA
Imunoglobulin 4.5 4.2 10.5 1.5 5 3.5 Imunoglobulin
non-hypermutable 0.25 2.66666666666667 0.5 1 1 1.75 tRNA
tRNA 5 6.25 2.5 3 2.6 3.6 tRNA
non-hypermutable 0.25 1 0.75 1.75 0.285714285714286 1.125 Imunoglobulin
non-hypermutable 0.666666666666667 1 0 2 0.75 0.7 tRNA
tRNA 2.66666666666667 6.66666666666667 2 2.5 3.66666666666667 3.8 tRNA
non-hypermutable 0.333333333333333 2.66666666666667 0.333333333333333 0.5 0.333333333333333 1.66666666666667 Imunoglobulin
Imunoglobulin 7.75 9.6 9.66666666666667 3 6.33333333333333 3.16666666666667 Imunoglobulin
non-hypermutable 0.333333333333333 1.6 0 0.333333333333333 0.285714285714286 1.2 Imunoglobulin
non-hypermutable 1.4 4.75 2.66666666666667 2.5 1 1.33333333333333 Imunoglobulin
non-hypermutable 0 1.25 0 0 0.25 0.375 Imunoglobulin
Imunoglobulin 10 11 18 9.5 3.42857142857143 3.6 Imunoglobulin
non-hypermutable 0 0.666666666666667 0.5 0 0.571428571428571 1.16666666666667 Imunoglobulin
non-hypermutable 0.5 3 0.333333333333333 2.5 0.666666666666667 0.416666666666667 Imunoglobulin
Imunoglobulin 3.25 7.66666666666667 3.66666666666667 4 2.33333333333333 2 Imunoglobulin
non-hypermutable 1.25 1.25 0 1 0.666666666666667 1.16666666666667 tRNA
tRNA 5.66666666666667 11 2.66666666666667 3.75 3.83333333333333 4.8 tRNA
tRNA 1.8 6.66666666666667 2.5 3.66666666666667 2.2 3.16666666666667 tRNA
non-hypermutable 0.2 1 1 1 0.166666666666667 0.7 Imunoglobulin
non-hypermutable 0.75 1 1 0.5 0.5 1 tRNA
non-hypermutable 1.5 5.33333333333333 3.66666666666667 2 1.625 1.5 Imunoglobulin
non-hypermutable 0.666666666666667 0.8 1.33333333333333 1 0.5 0.75 Imunoglobulin
non-hypermutable 0.666666666666667 0.333333333333333 0.333333333333333 1.33333333333333 0.5 0.7 Imunoglobulin
non-hypermutable 0.6 1.4 0 1 0.333333333333333 1.2 tRNA
non-hypermutable 0 1.4 0.5 1 0.6 0.625 Imunoglobulin
non-hypermutable 1.25 1 0.333333333333333 1.5 0.166666666666667 1.5 tRNA
non-hypermutable 2.33333333333333 3.25 3 1 1.25 0.666666666666667 Imunoglobulin
non-hypermutable 1 2.75 2 3.33333333333333 0.5 1.5 Imunoglobulin
non-hypermutable 0.6 2 1 0.75 1.2 0.75 Imunoglobulin
non-hypermutable 0.666666666666667 1 0.166666666666667 1.5 0.8 1.875 Imunoglobulin
non-hypermutable 1.5 2.2 2 1 0 1.5 Imunoglobulin
non-hypermutable 0 1.33333333333333 0 0.5 0.75 1 tRNA
non-hypermutable 0.666666666666667 0.333333333333333 1 1.5 0 2.16666666666667 tRNA
non-hypermutable 1 1 0.2 2.5 0.4 2.25 Imunoglobulin
non-hypermutable 3 6.5 2 1.5 2.2 3.625 tRNA
Imunoglobulin 2 4.25 4.33333333333333 1.33333333333333 2 1.91666666666667 Imunoglobulin
tRNA 4 6.33333333333333 2 3 3.2 3.375 tRNA
tRNA 5.5 9 4 4.5 3.6 4.5 tRNA
non-hypermutable 1.33333333333333 2 5 0.5 0.333333333333333 1.33333333333333 Imunoglobulin
non-hypermutable 0 2 0 1 0.571428571428571 1.25 tRNA
non-hypermutable 4 1.75 1.33333333333333 1.5 1.66666666666667 3.625 tRNA
tRNA 4.5 6.25 4 2 3 5 tRNA
Imunoglobulin 3.75 7 2.5 2.66666666666667 2.14285714285714 2.375 Imunoglobulin
non-hypermutable 0.666666666666667 1 1 1.33333333333333 0.5 1.7 tRNA
Imunoglobulin 8.33333333333333 11.6666666666667 11.5 6 5.2 3.6 Imunoglobulin
Imunoglobulin 10.3333333333333 12.3333333333333 9.33333333333333 6 4.25 3.58333333333333 Imunoglobulin
Imunoglobulin 1.75 5.25 3.33333333333333 2 2 1.875 Imunoglobulin
non-hypermutable 0.666666666666667 2.66666666666667 0.666666666666667 1 0.333333333333333 1.125 Imunoglobulin
non-hypermutable 0.5 2 1.33333333333333 1.33333333333333 0 1.4 Imunoglobulin
Imunoglobulin 6.75 8.6 12 3 4 1.83333333333333 Imunoglobulin
Imunoglobulin 4.75 7.25 5.33333333333333 2.33333333333333 2 3.5 Imunoglobulin
non-hypermutable 0.333333333333333 1.66666666666667 0.5 1.5 0.75 1.5 tRNA
non-hypermutable 0.333333333333333 2.66666666666667 1.25 1.5 0.363636363636364 0.928571428571429 Imunoglobulin
non-hypermutable 0.666666666666667 0 2 1 0.4 1.25 tRNA
non-hypermutable 0 1.4 0 1 0.8 1.125 Imunoglobulin
non-hypermutable 1 2.25 1 1.25 1.2 1 Imunoglobulin
non-hypermutable 1 1 0.5 1 0.5 0.9 Imunoglobulin
non-hypermutable 0.5 1.66666666666667 0.5 1 1.33333333333333 1.25 tRNA
non-hypermutable 0.333333333333333 0.333333333333333 0 0.5 0.6 1.25 tRNA
non-hypermutable 0.5 2 1.5 1.66666666666667 0 2.25 tRNA
non-hypermutable 0.666666666666667 1.16666666666667 0.5 2 0.666666666666667 0.166666666666667 Imunoglobulin
non-hypermutable 0.75 2 1 1 0.25 0.75 Imunoglobulin
non-hypermutable 0.333333333333333 2 0.5 0.666666666666667 0.666666666666667 1.08333333333333 tRNA
non-hypermutable 0 2 0 1 0.4 1 tRNA
non-hypermutable 0.333333333333333 0.666666666666667 0 0.333333333333333 0.5 1.2 tRNA
non-hypermutable 0 0.666666666666667 0.5 1 0 0.75 tRNA
non-hypermutable 0.75 2 0.666666666666667 0.333333333333333 1 2.25 tRNA
non-hypermutable 1.33333333333333 3.33333333333333 1 0.666666666666667 1 2.66666666666667 tRNA
non-hypermutable 1.33333333333333 2.5 0 2 1.4 2.66666666666667 tRNA
tRNA 4.33333333333333 5.75 1.66666666666667 4.33333333333333 3.16666666666667 5.25 tRNA
non-hypermutable 1.33333333333333 1.66666666666667 0 1.5 0 0.875 tRNA
non-hypermutable 0.4 2.66666666666667 0.5 0 0.333333333333333 0.5 tRNA
non-hypermutable 0.4 1.5 0.5 1.5 1.5 0.666666666666667 tRNA
non-hypermutable 1.5 4.75 1.5 2 0.5 3 tRNA
non-hypermutable 1.44564379336931 1.04515050167224 0.901469395114036 0.378787878787879 1.22950819672131 1.34680134680135 tRNA
non-hypermutable 0.396825396825397 6.08519269776876 10 1.08695652173913 0.537258905066351 0.524109014675052 tRNA
non-hypermutable 0 1.88807491881278 2.77315585135885 0 0 0.335570469798658 tRNA
non-hypermutable 0 1.6646057262437 0.484730974309258 1.77304964539007 1.0958904109589 0.766283524904215 tRNA
non-hypermutable 0 1.71262202431923 0 1.75438596491228 0.928792569659443 0.45045045045045 tRNA
non-hypermutable 1.16680668346868 3.75961594077159 1.76056338028169 0 2.00593757522266 0.898203592814371 tRNA
non-hypermutable 0.617703378837482 2.5766555011595 2.2202486678508 0 1.29021159470153 0 tRNA
non-hypermutable 0 0.360282461449777 2.63157894736842 0.50251256281407 0 0.582750582750583 tRNA
non-hypermutable 0.723955693911533 2.67522739432852 2.79485746226942 0 0.886839304717985 0.36319612590799 tRNA
tRNA 4.66666666666667 6 3 1.66666666666667 3 4.33333333333333 tRNA
non-hypermutable 2.5 7 0.5 2 1.5 2 tRNA
tRNA 8.5 6.33333333333333 1.66666666666667 3.66666666666667 3.83333333333333 4.33333333333333 tRNA
non-hypermutable 0.666666666666667 0.5 0 0.5 0.333333333333333 0.375 tRNA
non-hypermutable 1 3.66666666666667 0.333333333333333 2 2 1.8 tRNA
non-hypermutable 0.5 2.66666666666667 0.5 1.33333333333333 0.4 0.875 tRNA
tRNA 2.5 10 2.33333333333333 4 5 4 tRNA
non-hypermutable 0.5 1 0.5 1.5 0 0.75 tRNA
non-hypermutable 2.33333333333333 4.33333333333333 2.5 6 2.8 2.25 tRNA
non-hypermutable 0.5 2 0 0.333333333333333 0.7 1.21428571428571 tRNA
tRNA 4.33333333333333 13.5 4 3.75 5 5.33333333333333 tRNA
tRNA 2 7.33333333333333 1 3.66666666666667 1.5 3.125 tRNA
tRNA 4 5.66666666666667 10 2 3.25 3.625 tRNA
non-hypermutable 1 1.25 0.5 2 0.5 0.625 tRNA
non-hypermutable 0.5 1.33333333333333 0.5 0.5 0.5 1.75 tRNA
tRNA 1.25 4.5 1 2.5 1.85714285714286 3.5 tRNA
non-hypermutable 0.333333333333333 3.33333333333333 0.333333333333333 2 0.333333333333333 3 tRNA
non-hypermutable 0.333333333333333 1.5 1.5 1.5 0.4 1.25 tRNA
non-hypermutable 0 1.75 0.333333333333333 0.75 0.428571428571429 0.375 tRNA
tRNA 2 8.66666666666667 3.5 1.75 3.2 3.625 tRNA
non-hypermutable 0.333333333333333 1 0 0 0 0.833333333333333 tRNA
tRNA 3.33333333333333 5.33333333333333 2 4.66666666666667 2.6 2.8 tRNA
non-hypermutable 0.75 2 0 1 1 0.9 tRNA
non-hypermutable 0.8 2 1.5 0.5 0.333333333333333 0.5 tRNA
non-hypermutable 0.333333333333333 0.666666666666667 0.666666666666667 1.75 0.444444444444444 1.42857142857143 tRNA
non-hypermutable 0.666666666666667 2.75 1 2 1.66666666666667 3 tRNA
non-hypermutable 0.333333333333333 0.2 0.5 0 0.25 1.5 tRNA
tRNA 4.25 5.5 7 5.5 2.4 3.83333333333333 tRNA
non-hypermutable 0 0.75 0 0.666666666666667 0.666666666666667 0.5 tRNA
tRNA 2.66666666666667 5.25 4.5 2.66666666666667 1.6 4.33333333333333 tRNA
tRNA 6.5 6.5 1.5 3.66666666666667 5.66666666666667 5.75 tRNA
non-hypermutable 3.33333333333333 4 2 2 3 3.25 tRNA
tRNA 4 10.5 0 5 2.33333333333333 3.875 tRNA
non-hypermutable 1.66666666666667 4.66666666666667 3 1.5 2.33333333333333 2.16666666666667 tRNA
tRNA 2.5 8.33333333333333 1.33333333333333 6.5 2.6 4.33333333333333 tRNA
non-hypermutable 2 2.25 0.666666666666667 1 1 2.5 tRNA
non-hypermutable 1.66666666666667 2.8 1.5 0 2.33333333333333 3 tRNA
non-hypermutable 2.33333333333333 4 1.33333333333333 2.33333333333333 1 1.85714285714286 tRNA
tRNA 2.66666666666667 4.5 2 3.33333333333333 3.25 3.375 tRNA
non-hypermutable 0.5 1 0 0 0.333333333333333 1.75 tRNA
tRNA 2.66666666666667 8.33333333333333 5 3 4.2 3.4 tRNA
non-hypermutable 1.5 5.66666666666667 1 2.33333333333333 1.5 3.16666666666667 tRNA
non-hypermutable 0.666666666666667 1.66666666666667 0 3 0.571428571428571 0.857142857142857 tRNA
non-hypermutable 2.5 4.25 2 3.5 1.75 3 tRNA
non-hypermutable 1 2.33333333333333 1 2 2 3.66666666666667 tRNA
non-hypermutable 1 6 1 1.33333333333333 1.2 2.2 tRNA
tRNA 3.33333333333333 4.66666666666667 2 3 2.83333333333333 5.16666666666667 tRNA
non-hypermutable 3 5.5 1 1.5 1.5 2 tRNA
tRNA 2.25 5.5 1.5 2.33333333333333 4.33333333333333 3.125 tRNA
non-hypermutable 2 4.75 1 1.33333333333333 1 2.66666666666667 tRNA
tRNA 3.33333333333333 5 1 2.33333333333333 1.4 2.9 tRNA
non-hypermutable 1.66666666666667 6.33333333333333 1.5 2.33333333333333 1.57142857142857 1.8 tRNA
non-hypermutable 2.33333333333333 4.33333333333333 0.666666666666667 2 1.6 3 tRNA
non-hypermutable 2.66666666666667 2.75 1.5 3 2.8 3.66666666666667 tRNA
tRNA 6.5 11 1.5 2.5 4.6 4.625 tRNA
tRNA 5.66666666666667 5.75 3.5 5.5 5.33333333333333 4.75 tRNA
non-hypermutable 1 3.33333333333333 2 2 1.8 1.75 tRNA
non-hypermutable 0.75 7.66666666666667 0.5 3.5 2.66666666666667 1.875 tRNA
non-hypermutable 1 2.33333333333333 1 1.25 1 1.4 tRNA
tRNA 5 12.5 2 2 2.2 3.625 tRNA
tRNA 3.5 5 1 4 2.8 2.875 tRNA
non-hypermutable 0.5 3 0 1.5 0.857142857142857 2.5 tRNA
non-hypermutable 1.75 2.25 2 4 2.25 2.33333333333333 tRNA
non-hypermutable 1.5 4 2 2.66666666666667 1.4 3.5 tRNA
tRNA 2.33333333333333 4.75 2 3 2 6.5 tRNA
tRNA 1 10.5 4 5.66666666666667 3 2.625 tRNA
non-hypermutable 2 4.33333333333333 0 2 0.833333333333333 1.6 tRNA
non-hypermutable 1 1.75 1 1.66666666666667 1.33333333333333 2.33333333333333 tRNA
non-hypermutable 2.5 3.66666666666667 2 2 3 3.25 tRNA
non-hypermutable 0.75 2 2 0 0.25 1.125 tRNA
non-hypermutable 0.666666666666667 1 1.5 1 0.6 1 tRNA
non-hypermutable 0.5 0.5 0.666666666666667 2 0.8 2 tRNA
tRNA 1.66666666666667 4.4 3 2 1.8 4 tRNA
non-hypermutable 2 5.5 0.666666666666667 2.33333333333333 1.8 1.7 tRNA
non-hypermutable 1 1.66666666666667 0.5 1 0.8 0.9 tRNA
tRNA 4 7 1.5 2 1.5 3.25 tRNA
non-hypermutable 0.666666666666667 2 0.5 2 0.666666666666667 0.75 tRNA
tRNA 3 12 4 3 5.2 5.5 tRNA
non-hypermutable 1 3.25 2 3 1.25 2.16666666666667 tRNA
non-hypermutable 1 1.75 1.5 1.5 1 2.83333333333333 tRNA
non-hypermutable 1.33333333333333 5.33333333333333 1.5 1.66666666666667 2 1.625 tRNA
tRNA 3.33333333333333 8.5 4 4.5 1.16666666666667 2.8 tRNA
non-hypermutable 1.66666666666667 3.33333333333333 0.5 1.33333333333333 0.6 2.33333333333333 tRNA
non-hypermutable 2.33333333333333 3 1.25 3 0.857142857142857 3.66666666666667 tRNA
non-hypermutable 3 3.5 0.333333333333333 2 1.28571428571429 3.2 tRNA
non-hypermutable 2 8 1.66666666666667 3 1 3.5 tRNA
tRNA 2.66666666666667 2.66666666666667 3.5 2.33333333333333 2.71428571428571 2.625 tRNA
tRNA 6 6.33333333333333 1.33333333333333 3 2.66666666666667 3.2 tRNA
non-hypermutable 2 4.66666666666667 1.5 3 1 2.1 tRNA
non-hypermutable 0.25 2.66666666666667 0 2.5 0 0.875 tRNA
non-hypermutable 0.25 0.8 1 1 0 0.75 tRNA
non-hypermutable 1.66666666666667 7.33333333333333 3.5 0.666666666666667 4 1.75 tRNA
tRNA 2.33333333333333 11 1.5 1.5 2.66666666666667 4.5 tRNA
tRNA 4.66666666666667 6.33333333333333 3 3 1.5 3.33333333333333 tRNA
non-hypermutable 0.666666666666667 2.5 1.5 1.66666666666667 1.16666666666667 2.125 tRNA
tRNA 3 5.66666666666667 1 4.33333333333333 1.16666666666667 2.5 tRNA
non-hypermutable 1.5 3.75 2.5 3.5 4.33333333333333 3 tRNA
non-hypermutable 0.333333333333333 1.25 0 0.666666666666667 0.5 0.7 tRNA
non-hypermutable 1.25 4.25 1.5 2 1.66666666666667 1.5 tRNA
non-hypermutable 1.25 5 1 3 2.2 2.2 tRNA
tRNA 4 8.66666666666667 3.5 4.33333333333333 3.5 2.625 tRNA
non-hypermutable 0.75 2.33333333333333 0.5 1.5 0.333333333333333 0.5 tRNA
tRNA 1.33333333333333 5 2 2.75 2 2.9 tRNA
non-hypermutable 0.666666666666667 3.33333333333333 1 0 1.25 1.33333333333333 tRNA
non-hypermutable 2 4.66666666666667 1.5 3.5 1 2 tRNA
non-hypermutable 1.5 3.33333333333333 0.666666666666667 2.5 1.66666666666667 2.125 tRNA
non-hypermutable 0.666666666666667 2.66666666666667 0.5 0.333333333333333 0.428571428571429 1.3 tRNA
tRNA 3.33333333333333 6.66666666666667 1.33333333333333 2.66666666666667 3.75 4.25 tRNA
non-hypermutable 0 1.5 1 1.5 0.142857142857143 1 tRNA
non-hypermutable 2.33333333333333 4.5 2.66666666666667 3 1.8 4 tRNA
tRNA 5.33333333333333 6 5 5.66666666666667 3 2.5 tRNA
non-hypermutable 0.75 4 1.5 1 0.75 4 tRNA
tRNA 3 4.25 2 1.33333333333333 1.71428571428571 2.25 tRNA
non-hypermutable 0 3.33333333333333 0.333333333333333 1 0 0.75 tRNA
non-hypermutable 1.25 5 0.666666666666667 1.33333333333333 1 1.75 tRNA
tRNA 3.33333333333333 8.33333333333333 4.5 5.5 3.75 6 tRNA
tRNA 5 7.33333333333333 2.5 3.33333333333333 3.4 5.25 tRNA
non-hypermutable 1 1.25 2 2.66666666666667 1.2 1.625 tRNA
non-hypermutable 1 4.33333333333333 1.33333333333333 3 1.66666666666667 2.125 tRNA
non-hypermutable 2.66666666666667 3.5 3.5 2.5 2.5 1.83333333333333 tRNA
non-hypermutable 1.66666666666667 6 5 1.5 2.25 3.75 tRNA
tRNA 1 5.5 2 2 1.75 3.875 tRNA
tRNA 2.66666666666667 7.33333333333333 1.33333333333333 3.33333333333333 2.2 2 tRNA
tRNA 4.33333333333333 7.33333333333333 3 2.66666666666667 3.6 7.5 tRNA
non-hypermutable 1.66666666666667 3.33333333333333 0.333333333333333 2.33333333333333 1.42857142857143 3.1 tRNA
non-hypermutable 2 4.5 2 0.5 1.25 2.83333333333333 tRNA
tRNA 5.5 13 2 5 3.16666666666667 5.83333333333333 tRNA
non-hypermutable 1.33333333333333 0.75 0 0.5 1 1.25 tRNA
non-hypermutable 2 5 2.5 0.5 2 1.66666666666667 tRNA
tRNA 2.66666666666667 4.66666666666667 0.333333333333333 1.75 1.71428571428571 5.25 tRNA
tRNA 3 7.33333333333333 5 2.5 2.5 2.33333333333333 tRNA
non-hypermutable 0.25 2.25 0.5 0.5 0.4 0.666666666666667 tRNA
non-hypermutable 1.75 6 1.5 3.5 2.75 2 tRNA
non-hypermutable 2 3.5 1 1.5 1.25 1.33333333333333 tRNA
tRNA 1.66666666666667 4.5 1.66666666666667 2.25 1.71428571428571 4.25 tRNA
tRNA 3 6 0.666666666666667 3.66666666666667 2.66666666666667 3.4 tRNA
tRNA 4 6.75 2.5 2 4.25 6 tRNA
non-hypermutable 0.666666666666667 0.5 1 1 0.2 1.75 tRNA
non-hypermutable 0.5 1 0.666666666666667 2.5 1 1.25 tRNA
tRNA 4.66666666666667 6.5 2.33333333333333 5.33333333333333 3.57142857142857 5.5 tRNA
non-hypermutable 0.666666666666667 7.5 1.5 1.66666666666667 1 2.375 tRNA
non-hypermutable 2 2.75 0 1 2 1.66666666666667 tRNA
non-hypermutable 0.5 1.75 1.5 1 1.33333333333333 0.625 tRNA
non-hypermutable 3 6 1.33333333333333 2 1.66666666666667 2.3 tRNA
tRNA 8.5 11 3.5 4.5 3.28571428571429 6.33333333333333 tRNA
tRNA 3.33333333333333 5.33333333333333 3.5 2 4 6.25 tRNA
tRNA 3.33333333333333 5 4 3.66666666666667 4.33333333333333 3 tRNA
non-hypermutable 0.8 3 1 1.66666666666667 1.4 1.2 tRNA
non-hypermutable 0.333333333333333 2.25 0.333333333333333 1 0.833333333333333 1.7 tRNA
non-hypermutable 0.333333333333333 1.5 0 0.666666666666667 0.25 0.666666666666667 tRNA
non-hypermutable 0.333333333333333 0.75 0 1.5 1 1 tRNA
tRNA 2.75 7.66666666666667 3 4.33333333333333 3.4 4.125 tRNA
non-hypermutable 1.75 4.33333333333333 0 2 1.75 1 tRNA
non-hypermutable 0.5 2 0 0 0.333333333333333 1.16666666666667 tRNA
non-hypermutable 1 2.5 0.5 2.5 2.33333333333333 2.66666666666667 tRNA
non-hypermutable 0 0.333333333333333 0.333333333333333 1 0.666666666666667 1.16666666666667 tRNA
tRNA 2.75 4.66666666666667 3.33333333333333 3.25 2.33333333333333 2.75 tRNA
non-hypermutable 2.33333333333333 2.75 1.66666666666667 2.66666666666667 2 3.83333333333333 tRNA
non-hypermutable 1.4 4 3 4 1 2.75 tRNA
non-hypermutable 0.833333333333333 3.33333333333333 1 1 1 1.625 tRNA
tRNA 2.66666666666667 5.25 1.5 3.33333333333333 3.2 4.5 tRNA
non-hypermutable 2.33333333333333 4.66666666666667 2 3 1.66666666666667 2.5 tRNA
non-hypermutable 1 3.5 0.666666666666667 1 0.6 8.5 tRNA
tRNA 2.33333333333333 5.33333333333333 2.5 1 2.6 3.25 tRNA
tRNA 0.5 3.75 2.33333333333333 4 2 2.7 tRNA
non-hypermutable 1.33333333333333 2.75 1.5 2.5 0.6 3.66666666666667 tRNA
tRNA 4.33333333333333 6.33333333333333 3 3.5 4.75 3.25 tRNA
non-hypermutable 0.333333333333333 1.75 0.5 0.333333333333333 0.4 1.375 tRNA
non-hypermutable 3 4.66666666666667 3 4.5 2.5 3.5 tRNA
non-hypermutable 1.33333333333333 4 1 2.33333333333333 0.833333333333333 2 tRNA
tRNA 2.33333333333333 6 5 0.666666666666667 3.2 2.4 tRNA
non-hypermutable 2 7 0.5 2 1.66666666666667 2.75 tRNA
non-hypermutable 0.333333333333333 1.66666666666667 0.5 0.5 0.4 0.583333333333333 tRNA
tRNA 1.33333333333333 8 1.66666666666667 2.33333333333333 3.66666666666667 3.5 tRNA
non-hypermutable 2.66666666666667 6.66666666666667 0.5 2 2.75 4.16666666666667 tRNA
non-hypermutable 3 3.25 4.5 2.5 2.25 3 tRNA
tRNA 4 6.25 5 4.5 3.75 5.5 tRNA
non-hypermutable 2 3 1.5 4.5 2.75 2.83333333333333 tRNA
tRNA 2.25 5.5 2.5 5 4.66666666666667 3 tRNA
non-hypermutable 1.5 4.66666666666667 1 4 1 2.25 tRNA
non-hypermutable 1 5.66666666666667 2.5 2.5 3.66666666666667 1.16666666666667 tRNA
non-hypermutable 2.66666666666667 4.5 1.5 1.5 3.33333333333333 2.5 tRNA
tRNA 3.66666666666667 7.66666666666667 3.5 4.5 2.6 3.5 tRNA
non-hypermutable 1.75 4.25 1.5 3 1.25 3.5 tRNA
tRNA 1.66666666666667 4.25 0.5 2.4 2.125 2 tRNA
tRNA 2.33333333333333 5.33333333333333 1.66666666666667 2.4 3.16666666666667 2.42857142857143 tRNA
tRNA 6 4 5 3 3 7 tRNA
non-hypermutable 0.5 5.33333333333333 3 1.66666666666667 2.5 1.83333333333333 tRNA
tRNA 4 8.33333333333333 2.66666666666667 4.66666666666667 3.33333333333333 3.625 tRNA
tRNA 3.66666666666667 9.33333333333333 2.5 4.33333333333333 2.83333333333333 3.875 tRNA
non-hypermutable 2 4.66666666666667 5 1.5 1.66666666666667 2 tRNA
non-hypermutable 0.5 0.5 1 1 0.5 0.666666666666667 tRNA
tRNA 9 7.75 4 3 7.5 5.5 tRNA
tRNA 6.5 11 7 3.33333333333333 2.5 3.375 tRNA
tRNA 4 11 2 4.5 3 3.5 tRNA
non-hypermutable 1 3 0 2 1.75 1.875 tRNA
tRNA 0.666666666666667 7 4.5 3.33333333333333 1.83333333333333 2.4 tRNA
non-hypermutable 2 5 3 2 0.833333333333333 1.5 tRNA
tRNA 3 5 0.5 1 3 3.375 tRNA
non-hypermutable 2 3.66666666666667 0.5 0.666666666666667 1.33333333333333 2.875 tRNA
non-hypermutable 1.5 3.5 2.5 2.5 1 1.625 tRNA
non-hypermutable 0.666666666666667 4.5 2.5 1.66666666666667 1.4 1.4 tRNA
non-hypermutable 1.66666666666667 3.25 2 1.5 3 2.125 tRNA
tRNA 5 6.25 4.5 3.33333333333333 3.16666666666667 2.58333333333333 tRNA
tRNA 2 7.66666666666667 1 2.33333333333333 3.75 3 tRNA
tRNA 3 5.66666666666667 2.5 3 2.33333333333333 3.25 tRNA
non-hypermutable 0.333333333333333 2.5 0 2 0.5 1.08333333333333 tRNA
tRNA 4.33333333333333 8.66666666666667 4 5.33333333333333 6.25 9.75 tRNA
non-hypermutable 2.66666666666667 4.33333333333333 1 2 1.71428571428571 2 tRNA
non-hypermutable 2.33333333333333 8.5 2 3 2.5 2.5 tRNA
non-hypermutable 1.25 3.66666666666667 0 2 0.714285714285714 1 tRNA
non-hypermutable 0.666666666666667 0.75 0.5 0.5 0 0.75 tRNA
non-hypermutable 0.333333333333333 2 0 1 0.333333333333333 1.5 tRNA
non-hypermutable 1.25 3.66666666666667 1 1.5 1.75 1.125 tRNA
tRNA 3.66666666666667 7 1.66666666666667 4.5 3.6 4.16666666666667 tRNA
tRNA 3 7 1 2.25 2 4.1 tRNA
non-hypermutable 1 2.33333333333333 0.666666666666667 1.5 1.2 2 tRNA
tRNA 4 4 1.33333333333333 2.75 2.125 3.4 tRNA
tRNA 5 7.5 1 3.75 1.66666666666667 4 tRNA
non-hypermutable 0.8 4.33333333333333 0 1 0.25 1.5 tRNA
tRNA 4 5.75 4 3 1.83333333333333 3.4 tRNA
non-hypermutable 2 6.33333333333333 2.5 1.66666666666667 2 2.75 tRNA
tRNA 5 7.33333333333333 2.66666666666667 3.66666666666667 2.16666666666667 3.625 tRNA
non-hypermutable 0.5 5 1 2.5 1.66666666666667 2.83333333333333 tRNA
non-hypermutable 0 1.66666666666667 0 0.333333333333333 0 0.857142857142857 tRNA
tRNA 3.66666666666667 5.33333333333333 2 1.66666666666667 2.66666666666667 2.9 tRNA
non-hypermutable 1 2.75 0 2 1.2 4.75 tRNA
non-hypermutable 2 5 2 1 2 2.25 tRNA
non-hypermutable 2.66666666666667 5.33333333333333 0.5 2 1.25 2.4 tRNA
non-hypermutable 1.33333333333333 0.333333333333333 1 0 0.5 0.8 tRNA
non-hypermutable 2.33333333333333 4.25 2 5 3.33333333333333 2.16666666666667 tRNA
non-hypermutable 0.666666666666667 0.666666666666667 0.666666666666667 2.66666666666667 0.4 1.75 tRNA
non-hypermutable 1.66666666666667 1 1 0.5 0.6 2 tRNA
non-hypermutable 2.66666666666667 3.25 1 2 1.75 1.5 tRNA
tRNA 4 6.33333333333333 2 2 1.83333333333333 4.25 tRNA
tRNA 4 8.66666666666667 2 4.33333333333333 3.33333333333333 4.125 tRNA
non-hypermutable 0.333333333333333 1.5 1 0.5 1.25 1.25 tRNA
tRNA 3.66666666666667 7 3.5 4.5 4.66666666666667 4.625 tRNA
non-hypermutable 1 7.5 3 2.5 3 2.25 tRNA
tRNA 2.66666666666667 5.33333333333333 3.5 2.5 3 7.75 tRNA
non-hypermutable 2.75 6.66666666666667 1.5 2 4 2 tRNA
non-hypermutable 0 1 1 0 0 0.916666666666667 tRNA
non-hypermutable 2 4.5 2 1.33333333333333 3.66666666666667 2.25 tRNA
tRNA 2.5 7 2.5 2.5 2.25 4.25 tRNA
non-hypermutable 2 4 1 1.33333333333333 1.4 2.125 tRNA
tRNA 2.66666666666667 8.5 2.5 4.5 3.6 4.83333333333333 tRNA
non-hypermutable 1.25 5 1.5 2 1.4 2.83333333333333 tRNA
non-hypermutable 0.5 6.33333333333333 1 2 1.28571428571429 2.5 tRNA
tRNA 2.33333333333333 5.5 2.33333333333333 2.66666666666667 2 3.5 tRNA
tRNA 2.5 7.33333333333333 3 2 2.8 3.25 tRNA
non-hypermutable 1.25 6.33333333333333 1 0.5 2.33333333333333 1.83333333333333 tRNA
tRNA 3 8 1.5 1 1.5 3.2 tRNA
tRNA 2.25 8 2.5 4 2.8 3.25 tRNA
tRNA 2.66666666666667 12.5 4.5 4 1.8 4.66666666666667 tRNA
tRNA 5.66666666666667 11 2.66666666666667 4 6.25 5 tRNA
non-hypermutable 2.66666666666667 6.33333333333333 1.66666666666667 2 1.16666666666667 2.83333333333333 tRNA
tRNA 3.33333333333333 7.66666666666667 3.5 2.66666666666667 2.5 3.75 tRNA
non-hypermutable 1 2.33333333333333 0.5 2 1.2 3 tRNA
tRNA 5 8.66666666666667 4.5 4 6.5 3.8 tRNA
non-hypermutable 2 7.33333333333333 1.33333333333333 2.66666666666667 2 2.83333333333333 tRNA
tRNA 2.33333333333333 8 1.5 2.66666666666667 2.4 3.75 tRNA
non-hypermutable 0.666666666666667 2 2 2 1.25 2.25 tRNA
tRNA 2.66666666666667 5.5 1.66666666666667 3 2.4 2.625 tRNA
tRNA 1.75 5.33333333333333 5 2.33333333333333 1.66666666666667 3.4 tRNA
non-hypermutable 2 4.25 2.66666666666667 2.5 2 4.5 tRNA
tRNA 2 8 2.5 1 3.66666666666667 2.3 tRNA
tRNA 3.33333333333333 8.66666666666667 2.33333333333333 2.75 2.42857142857143 4.75 tRNA
tRNA 2.25 7.66666666666667 3 2 3 3.5 tRNA
non-hypermutable 1.25 6 0 1.66666666666667 2.25 1.9 tRNA
non-hypermutable 0 1.66666666666667 1 1.33333333333333 0.5 1.08333333333333 tRNA
non-hypermutable 1.33333333333333 3 1 1.5 1.4 1.75 tRNA
non-hypermutable 1.66666666666667 2.33333333333333 1 1 0.8 1.5 tRNA
non-hypermutable 0.333333333333333 2 0 0 0.75 1 tRNA
non-hypermutable 0.666666666666667 3 1 1.5 1.75 0.916666666666667 tRNA
non-hypermutable 1.33333333333333 1.33333333333333 1 1 1.75 2.16666666666667 tRNA
non-hypermutable 0 0.5 3 1.5 1 1.1 tRNA
non-hypermutable 0.666666666666667 2 1 1.5 0.75 1.125 tRNA
non-hypermutable 2.66666666666667 5.33333333333333 0 1.66666666666667 3 3 tRNA
non-hypermutable 0.666666666666667 1 0.333333333333333 1 1 1 tRNA
non-hypermutable 0.75 1.33333333333333 0.5 1 0.5 0.875 tRNA
non-hypermutable 0 2 0.333333333333333 0.666666666666667 0.5 1.75 tRNA
non-hypermutable 1.25 3.33333333333333 0.5 1.66666666666667 1.5 5.5 tRNA
non-hypermutable 0.25 3 0.5 2 0.25 0.625 tRNA
non-hypermutable 0 0.75 1 1.5 0.428571428571429 0.916666666666667 tRNA
non-hypermutable 0.333333333333333 2 2 0 1.25 1.125 tRNA
non-hypermutable 0.25 1 0.5 0.5 0 1.25 tRNA
non-hypermutable 1.5 3.33333333333333 1 0.5 1 3.33333333333333 tRNA
non-hypermutable 1.66666666666667 4.66666666666667 1 3.5 2.5 3 tRNA
non-hypermutable 2.33333333333333 1 1 2.33333333333333 2.4 1.5 tRNA
non-hypermutable 0.333333333333333 1.33333333333333 3 1.5 0.4 2 tRNA
non-hypermutable 0.333333333333333 0 4 1.33333333333333 0 0.9 tRNA
non-hypermutable 0.333333333333333 1.5 1.5 2 0.75 1.75 tRNA
non-hypermutable 0.333333333333333 2 0.666666666666667 1 0.166666666666667 0.875 tRNA
non-hypermutable 0 2 0 1 0.333333333333333 0.625 tRNA
non-hypermutable 1 2.25 1.5 0 0.75 1.66666666666667 tRNA
non-hypermutable 1.33333333333333 2 0.5 0.5 2.25 2.16666666666667 tRNA
non-hypermutable 0 1.33333333333333 0.5 0 0.2 1 tRNA
non-hypermutable 0.75 1.33333333333333 0 1.5 0.333333333333333 0.75 tRNA
non-hypermutable 0.5 1.75 0.666666666666667 1.66666666666667 1 2.75 tRNA
non-hypermutable 0.666666666666667 1.6 0.5 1.5 1.5 1 tRNA
non-hypermutable 1.25 2.5 0 1.33333333333333 1.66666666666667 1.75 tRNA
non-hypermutable 0 1.4 0.333333333333333 0.5 0.166666666666667 1.75 tRNA
non-hypermutable 1 2.66666666666667 2 1 0 1 tRNA
non-hypermutable 0 1.33333333333333 0.333333333333333 1 0.166666666666667 2 tRNA
non-hypermutable 0.4 1.16666666666667 1 0 0.5 0.75 tRNA
non-hypermutable 0.5 1.75 0 1 1.25 1.75 tRNA
non-hypermutable 1 1.33333333333333 1 0 0.571428571428571 2 tRNA
non-hypermutable 0.75 1.6 1 1.5 0.25 0.75 tRNA
tRNA 4 5.33333333333333 4 2.66666666666667 2.4 4.66666666666667 tRNA
non-hypermutable 0.333333333333333 2 0.5 1 0.4 1 tRNA
non-hypermutable 0 1 0 1.5 1.33333333333333 0.5 tRNA
non-hypermutable 1.33333333333333 1.5 0.5 2 0.2 0.875 tRNA
non-hypermutable 1.5 2.33333333333333 1.5 2 2.33333333333333 2 tRNA
non-hypermutable 0.2 2.25 0 0.5 0.25 1.5 tRNA
non-hypermutable 1.33333333333333 2.33333333333333 1.66666666666667 1.5 2.2 2.25 tRNA
non-hypermutable 1 1 0.5 1.5 0 0.6 tRNA
non-hypermutable 0.666666666666667 2 0.5 0.5 0.8 1.66666666666667 tRNA
non-hypermutable 0 1.5 0 0 0.125 0.916666666666667 tRNA
non-hypermutable 0.333333333333333 0.333333333333333 1 3.5 1 0.9 RNU
non-hypermutable 1 1.66666666666667 0.5 0.5 0.5 0.5 tRNA
non-hypermutable 3 4 3 2.33333333333333 2.4 3.5 tRNA
tRNA 5.33333333333333 4.5 2.5 3 5.25 5.66666666666667 tRNA
non-hypermutable 1.33333333333333 2.66666666666667 1 2 1.8 1.5 tRNA
non-hypermutable 0 1.33333333333333 0 0 0.2 0.5 tRNA
tRNA 3.5 9.5 1 3 2.33333333333333 2.5 tRNA
non-hypermutable 0.5 1.2 1 1.5 0 1.5 tRNA
tRNA 3 7.33333333333333 3 4.33333333333333 4.5 3.66666666666667 tRNA
non-hypermutable 0.5 2 0.5 0.5 0 1 tRNA
non-hypermutable 0.75 2.66666666666667 1 1.5 0 0.666666666666667 RNU
non-hypermutable 2.66666666666667 3.66666666666667 1 1.5 1.33333333333333 2.3 tRNA
non-hypermutable 0 0.5 1.5 1.5 0.5 1.75 tRNA
non-hypermutable 2.33333333333333 10 5 1.25 1.2 3.25 tRNA
non-hypermutable 1.66666666666667 3.33333333333333 0.5 0.75 0.5 3.375 tRNA
non-hypermutable 1 0.2 0.5 1.75 0.4 3 tRNA
non-hypermutable 0 1 0 0.5 0.222222222222222 1.75 tRNA
non-hypermutable 0.666666666666667 2.25 0.5 1.5 0.5 1.33333333333333 tRNA
non-hypermutable 0.5 1.66666666666667 1 1 0.5 0.8 tRNA
non-hypermutable 0.75 1 0 1.66666666666667 1 1.375 tRNA
non-hypermutable 1.33333333333333 4.66666666666667 1 1.33333333333333 2.8 1.71428571428571 tRNA
RNU 4.75 7 3.5 3.5 1.5 2.875 RNU
non-hypermutable 0 2.66666666666667 0 0.5 0.666666666666667 1.3 tRNA
non-hypermutable 0 2 1.5 0.5 1 0.625 tRNA
non-hypermutable 0.333333333333333 1 0.5 0 0 0.375 tRNA
non-hypermutable 1.66666666666667 1.66666666666667 0.666666666666667 3 0.666666666666667 1.125 tRNA
non-hypermutable 0.666666666666667 1.75 0.5 0.5 0.25 1 tRNA
non-hypermutable 0.75 1.5 1 2.33333333333333 0.4 0.5 tRNA
non-hypermutable 0.75 1.66666666666667 1.5 0.25 2.5 0.6 tRNA
non-hypermutable 0 2.25 0.5 1 0.833333333333333 1.875 tRNA
non-hypermutable 0.333333333333333 0.75 2 1.66666666666667 0.4 1.75 tRNA
non-hypermutable 0 0.75 0 0.5 0.333333333333333 0.875 tRNA
non-hypermutable 0 0.666666666666667 0.5 0.5 0.333333333333333 1 tRNA
non-hypermutable 0.333333333333333 1.66666666666667 0 1.5 0.5 2.75 tRNA
non-hypermutable 1 1.4 1 0 2 0.25 tRNA
non-hypermutable 1.75 5 0 1 1.8 4 tRNA
non-hypermutable 0.5 0.666666666666667 1 1.5 0 1.16666666666667 tRNA
non-hypermutable 0.333333333333333 1.75 0.5 1 1 1.25 tRNA
non-hypermutable 0.75 1.25 1 0 0.5 1.75 tRNA
non-hypermutable 0 3 0.333333333333333 1.33333333333333 1 1.375 tRNA
non-hypermutable 0.5 1.33333333333333 0 1.66666666666667 0.571428571428571 2 tRNA
non-hypermutable 0.333333333333333 1 0 1 0.5 0.833333333333333 tRNA
non-hypermutable 2.25 5.66666666666667 4 1.5 3.25 2.83333333333333 tRNA
non-hypermutable 2 6 0.333333333333333 2 0.8 3.66666666666667 tRNA
tRNA 5.25 11.3333333333333 3.66666666666667 4.5 4.2 6.33333333333333 tRNA
tRNA 2.33333333333333 5.66666666666667 2 2.66666666666667 3.2 3 tRNA
non-hypermutable 1.66666666666667 4 3 1.66666666666667 2 1.7 tRNA
tRNA 4.75 7 2 7.5 4.75 5.5 tRNA
non-hypermutable 0 0.75 1 0.666666666666667 0.666666666666667 0.8 tRNA
tRNA 2.33333333333333 4.66666666666667 3.5 3.66666666666667 3 3.25 tRNA
non-hypermutable 0 1.25 0.333333333333333 0 0 2.25 tRNA
non-hypermutable 0 1.66666666666667 0.5 0.666666666666667 0.666666666666667 0.8 tRNA
tRNA 6 7.66666666666667 2.33333333333333 5 2.6 7.25 tRNA
non-hypermutable 0 0.5 1 0 0.333333333333333 0.666666666666667 tRNA
non-hypermutable 1.66666666666667 2.33333333333333 0.5 1.75 1.2 2.125 tRNA
non-hypermutable 0.666666666666667 1 0.5 0.666666666666667 0.8 1 tRNA
non-hypermutable 0 1 0 0.5 0 0.8 tRNA
non-hypermutable 1.75 5.66666666666667 6 1 2 2.5 tRNA
tRNA 4 6.33333333333333 2.33333333333333 2 2.16666666666667 4.83333333333333 tRNA
non-hypermutable 1.25 0.5 1 1 0 1 tRNA
tRNA 4.33333333333333 5.33333333333333 1.66666666666667 3 3.2 4.375 tRNA
tRNA 3.66666666666667 13 2.33333333333333 1.66666666666667 2.125 4.5 tRNA
non-hypermutable 1 3.66666666666667 1 2 1.5 1.6 tRNA
non-hypermutable 1.66666666666667 4.5 2 1 2 1.75 tRNA
non-hypermutable 1 2.25 0.666666666666667 2 2 2.16666666666667 tRNA
non-hypermutable 0.75 1.25 0.5 0 1 1 tRNA
non-hypermutable 0.666666666666667 0.5 0.5 0.5 0.166666666666667 1.25 tRNA
non-hypermutable 0.666666666666667 1.25 1 1 0.6 0.8 tRNA
non-hypermutable 0.333333333333333 1.66666666666667 1 1 0.666666666666667 1.41666666666667 tRNA
non-hypermutable 0.666666666666667 2.25 0.5 1.5 0.333333333333333 1 tRNA
non-hypermutable 0.333333333333333 1.66666666666667 0.666666666666667 0 0.6 0.833333333333333 tRNA
tRNA 4.33333333333333 8 1.33333333333333 4.33333333333333 1.5 4.75 tRNA
non-hypermutable 0.2 1 0.5 0.5 0.333333333333333 0 tRNA
non-hypermutable 0.333333333333333 1 1 0.5 0.6 0.75 tRNA
tRNA 4 7 2 3.5 3 5 tRNA
tRNA 2.75 6.33333333333333 2 5.5 4 3.5 tRNA
non-hypermutable 2 4.66666666666667 2 1 1.5 2.33333333333333 tRNA
non-hypermutable 0.25 0.75 0.5 1 0.25 2.5 tRNA
tRNA 4 4.25 2.66666666666667 2.66666666666667 2 4.33333333333333 tRNA
RNU 7 11.3333333333333 10 8 8.75 5 RNU
non-hypermutable 0.333333333333333 1 0.5 0.5 0.75 1 tRNA
tRNA 3 7.66666666666667 2.33333333333333 2.33333333333333 2.42857142857143 3.5 tRNA
RNU 7 14 8.66666666666667 5.5 5 7.5 RNU
non-hypermutable 1.33333333333333 1 0 0.5 0.25 1.75 tRNA
non-hypermutable 0 1.25 1 0 0.333333333333333 1.25 tRNA
RNU 6.25 18.5 10.5 6.66666666666667 6.75 14 RNU
RNU 5.66666666666667 7 4.66666666666667 5.33333333333333 6.25 9 RNU
tRNA 2 5.5 4 1.5 3 4.375 tRNA
tRNA 6.5 11.5 3.5 3 3.14285714285714 3.9 tRNA
tRNA 2.25 6 1.5 2.33333333333333 3 3.5 tRNA
RNU 4.5 8 5.5 8 3.33333333333333 4.25 RNU
tRNA 3.5 8.5 3.5 4.66666666666667 2.44444444444444 5.375 tRNA
tRNA 3.66666666666667 9 3.5 3 3.25 3.25 tRNA
non-hypermutable 1 1 0 1 1 1.21428571428571 tRNA
tRNA 5 10.5 5 3 4.16666666666667 4.1 tRNA
tRNA 2 6 1.66666666666667 2.5 2.4 3.625 tRNA
tRNA 4.66666666666667 6.33333333333333 4 3 3.33333333333333 3.75 tRNA
non-hypermutable 1 1 2 0.666666666666667 1.2 1.33333333333333 tRNA
tRNA 3 6 2.5 3.66666666666667 2.66666666666667 3 tRNA
non-hypermutable 0.666666666666667 1.33333333333333 1 1.25 1.25 1.33333333333333 tRNA
RNU 3.66666666666667 5.5 2.66666666666667 5.5 3.4 5.16666666666667 RNU
non-hypermutable 0.25 2 2.5 0.5 0.25 1 tRNA
non-hypermutable 0.75 2 2 1.5 0.666666666666667 2.25 tRNA
non-hypermutable 0.666666666666667 4 0 1 0.285714285714286 1.5 tRNA
tRNA 4.75 3.25 5 3.33333333333333 4.25 4.5 tRNA
non-hypermutable 2.25 3.5 2 2 1.25 2 tRNA
non-hypermutable 1 0.333333333333333 0 0.5 0.2 0.833333333333333 tRNA
non-hypermutable 0.666666666666667 3 0.333333333333333 1.5 0.5 2.625 tRNA
tRNA 4.33333333333333 10.3333333333333 3 3.5 3.83333333333333 4.25 tRNA
non-hypermutable 0.666666666666667 3.33333333333333 1 1 0.333333333333333 0.8 tRNA
non-hypermutable 1.33333333333333 2.66666666666667 1.33333333333333 1 0.833333333333333 1.3 RNU
non-hypermutable 2.33333333333333 5 4 5 3 2.5 tRNA
tRNA 5.5 11 4 4.66666666666667 4.33333333333333 4.5 tRNA
non-hypermutable 1.33333333333333 5.25 1.5 2.5 2 3.33333333333333 RNU
non-hypermutable 0.75 1 0.5 1 1 1 tRNA
non-hypermutable 1.5 6 1 1.33333333333333 0.8 2.25 RNU
non-hypermutable 3.75 3.75 3.5 3 2.75 2.5 tRNA
non-hypermutable 0.5 2 0 1 0 0.875 tRNA
tRNA 2 4 0.666666666666667 3 2 2.9 tRNA
non-hypermutable 1 3.33333333333333 0.5 0.333333333333333 0.833333333333333 1.375 tRNA
tRNA 1.66666666666667 5 2 3 2.14285714285714 2 tRNA
non-hypermutable 0.5 3.25 1 1 0.8 2.83333333333333 tRNA
tRNA 3.33333333333333 4 4 3 2.8 2.5 tRNA
tRNA 6.33333333333333 15 2.66666666666667 6.66666666666667 4.42857142857143 6 tRNA
non-hypermutable 0 0.666666666666667 0 2 0.4 0.666666666666667 tRNA
tRNA 1 6 3.5 5 3 3 tRNA
tRNA 3.25 12.5 1.5 2.33333333333333 2.16666666666667 4.5 tRNA
tRNA 8.5 13 5 4.75 4.2 4.875 tRNA
non-hypermutable 1 5 0.5 3 2.5 2.875 tRNA
non-hypermutable 0.5 1.5 2.5 1 1.25 0.625 tRNA
non-hypermutable 2 5 2 2.5 4.33333333333333 4.5 tRNA
non-hypermutable 0.25 0.666666666666667 1 1.5 0 1 tRNA
non-hypermutable 1 5 1.66666666666667 2.33333333333333 1.83333333333333 4.33333333333333 tRNA
RNU 3.75 7.75 7 3.66666666666667 3.4 3 RNU
RNU 3.66666666666667 6 4 5 2.75 4 RNU
tRNA 1 6.66666666666667 2 2.33333333333333 1.57142857142857 2.8 tRNA
non-hypermutable 2 6 0.333333333333333 3 1.75 3.16666666666667 RNU
tRNA 4 5 0.5 2.75 1.75 3.6 tRNA
RNU 3.75 6.75 3.5 3 4 4 RNU
non-hypermutable 0.333333333333333 2 0 1 1.25 0.666666666666667 tRNA
tRNA 4.33333333333333 8 3.5 3.33333333333333 3 3.8 tRNA
RNU 4 10.25 8 6 9.5 6 RNU
tRNA 3.25 5 2 5.5 3.75 4.16666666666667 tRNA
RNU 9 10.25 10.5 8 9.5 4.16666666666667 RNU
tRNA 3.66666666666667 4.66666666666667 1.66666666666667 4.33333333333333 2.4 2.25 tRNA
non-hypermutable 0.333333333333333 1.66666666666667 0 0.5 1 1.25 tRNA
tRNA 3.66666666666667 6 2 4.33333333333333 2 4.33333333333333 tRNA
tRNA 2 4.75 1 2.33333333333333 2.4 3.375 tRNA
tRNA 2 6.66666666666667 2.5 3 3.25 3 tRNA
tRNA 6 4.33333333333333 2.66666666666667 5 2.75 4.25 tRNA
tRNA 4.33333333333333 5.66666666666667 2.66666666666667 4 3.66666666666667 2.9 tRNA
tRNA 3.33333333333333 6.66666666666667 1.66666666666667 5.33333333333333 6.75 4.5 tRNA
non-hypermutable 2.33333333333333 2.33333333333333 1.5 2 1.85714285714286 2.33333333333333 tRNA
non-hypermutable 1.5 8 0.5 3.33333333333333 1.33333333333333 1.66666666666667 tRNA
non-hypermutable 0.333333333333333 1 1 0.666666666666667 0.2 2.16666666666667 tRNA
non-hypermutable 0.5 1.33333333333333 0 0.666666666666667 0.666666666666667 0.916666666666667 tRNA
non-hypermutable 1 2.66666666666667 0 1 0.4 1 tRNA
non-hypermutable 1 1.66666666666667 2 1.33333333333333 0.833333333333333 2.75 tRNA
non-hypermutable 0.5 2 0 1.66666666666667 1 2.125 tRNA
tRNA 2.5 4.5 3 2 2 1.7 tRNA
non-hypermutable 0.333333333333333 2 2 1 0.833333333333333 1.625 tRNA
tRNA 5.33333333333333 6.75 5.5 3 4.33333333333333 4.1 tRNA
tRNA 4.66666666666667 4 2 3.5 2.57142857142857 3.625 tRNA
tRNA 2 4.66666666666667 3.5 4 3.4 2.7 tRNA
non-hypermutable 0 1 1 1 1 1.33333333333333 tRNA
non-hypermutable 0.5 2.5 1.5 1 0.5 1.33333333333333 tRNA
tRNA 5.33333333333333 4.66666666666667 2.33333333333333 2 2.71428571428571 3.625 tRNA
tRNA 2.25 6 1 3.5 2.14285714285714 2.7 tRNA
tRNA 3.25 5.66666666666667 5.5 6 3 4.5 tRNA
non-hypermutable 0.333333333333333 2.33333333333333 1 2.8 0.857142857142857 1 tRNA
non-hypermutable 3 3.25 1.66666666666667 1.5 2.5 1.875 tRNA
non-hypermutable 1 2 0.5 0.75 1.28571428571429 1.2 tRNA
non-hypermutable 0 2 0.666666666666667 0.5 0.5 1.16666666666667 tRNA
non-hypermutable 0.333333333333333 2.5 0 1.83333333333333 1 1.1875 tRNA
tRNA 9.5 12.5 4.5 3.75 2.57142857142857 5.875 tRNA
tRNA 3.66666666666667 6 0.666666666666667 3 1.875 3.16666666666667 tRNA
non-hypermutable 0.666666666666667 1 0.333333333333333 1.25 0.111111111111111 1 tRNA
tRNA 2 12 1.5 2.75 3.2 4.25 tRNA
tRNA 5.25 11.6666666666667 4.5 5.5 4.8 7.25 tRNA
tRNA 5.66666666666667 13.5 4 3.6 4 4.4 tRNA
tRNA 2.25 7.66666666666667 0.333333333333333 1.75 1.57142857142857 3.625 tRNA
tRNA 1.33333333333333 7 1.66666666666667 2.25 1.71428571428571 2.83333333333333 tRNA
tRNA 2.66666666666667 4.75 2 7 5 4.625 tRNA
non-hypermutable 0.666666666666667 0.25 0.5 1 0.75 1 tRNA
non-hypermutable 0.25 1 0.5 0 0 1.5 tRNA
tRNA 1 7.5 3.5 1.66666666666667 2.42857142857143 6 tRNA
non-hypermutable 1.5 5 1 1 1.4 4.25 tRNA
non-hypermutable 0.666666666666667 0.333333333333333 0.5 0 0.428571428571429 1.16666666666667 tRNA
non-hypermutable 0.5 1.33333333333333 0.5 1.33333333333333 0.714285714285714 1.375 tRNA
tRNA 2.75 8 3 4 5.25 3.75 tRNA
non-hypermutable 0.4 1.25 0.666666666666667 1.5 0 3 tRNA
tRNA 2 5 2.5 2.66666666666667 2 2.875 tRNA
non-hypermutable 1.25 5 2.5 3.5 4 2 tRNA
tRNA 1.33333333333333 5.33333333333333 1 3 2.33333333333333 3.1 tRNA
non-hypermutable 0.5 2 1 1 0.75 1.125 tRNA
tRNA 3.33333333333333 9.5 9 3.33333333333333 4 3.75 tRNA
non-hypermutable 4 4.5 1 3 2.8 2 tRNA
non-hypermutable 0 2 1 1.5 0.4 0.75 tRNA
non-hypermutable 0.5 0.5 1 1.5 0.6 1.2 tRNA
tRNA 5.5 8.33333333333333 3.5 5.25 4 4.75 tRNA
non-hypermutable 1.75 4.66666666666667 1.5 1 3.8 3.66666666666667 tRNA
tRNA 2.33333333333333 5.66666666666667 1 3 2.16666666666667 4 tRNA
non-hypermutable 0.333333333333333 1 0 0.5 0 1.33333333333333 tRNA
non-hypermutable 0.666666666666667 1.75 0 0.5 0.333333333333333 0.916666666666667 tRNA
tRNA 4.75 8.33333333333333 4.5 3.66666666666667 3.4 3.5 tRNA
tRNA 3.33333333333333 6.33333333333333 2.66666666666667 2.66666666666667 3 4.875 tRNA
tRNA 2.33333333333333 6.5 5 2.66666666666667 2.4 2.5 tRNA
non-hypermutable 0.666666666666667 3.5 1 2 1 2 tRNA
tRNA 2.5 6.5 0.5 3.33333333333333 3.66666666666667 5.5 tRNA
non-hypermutable 2.66666666666667 5 3 4.33333333333333 2.5 2.33333333333333 tRNA
non-hypermutable 0.666666666666667 3.6 2 2 1.2 4 tRNA
non-hypermutable 2.33333333333333 3.75 1.66666666666667 2 2.4 4 tRNA
tRNA 5 10.6666666666667 1 3.33333333333333 3.4 6 tRNA
non-hypermutable 0 3 4 1 0.8 1 tRNA
non-hypermutable 1.75 5.33333333333333 3 2 2.5 1.9 tRNA
tRNA 2 8.33333333333333 1.5 3.66666666666667 2 5.33333333333333 tRNA
tRNA 3.66666666666667 9.66666666666667 4.33333333333333 5.25 2.57142857142857 3.3 tRNA
non-hypermutable 0.75 4.33333333333333 1.33333333333333 0.666666666666667 1.8 5 tRNA
tRNA 2.5 5.5 4.5 4.5 6.33333333333333 4.33333333333333 tRNA
non-hypermutable 0.666666666666667 3 0 2.5 1.2 2.375 tRNA
tRNA 3 6.33333333333333 1.66666666666667 3.33333333333333 3.2 2.5 tRNA
non-hypermutable 0.666666666666667 4.66666666666667 1.66666666666667 2 1.83333333333333 3.625 tRNA
tRNA 5 7.5 2 3.33333333333333 1.14285714285714 3 tRNA
tRNA 5.66666666666667 4.5 2 3.33333333333333 3.33333333333333 5.33333333333333 tRNA
tRNA 3.33333333333333 7.66666666666667 1.5 3.33333333333333 4.6 3.75 tRNA
tRNA 2 8.5 2 2 2.5 4.25 tRNA
non-hypermutable 0 1.5 0.5 2 0.25 1 tRNA
tRNA 5 5.5 2.5 3 3 4.16666666666667 tRNA
non-hypermutable 3.5 5.33333333333333 1 2 2 2.5 tRNA
non-hypermutable 1 4.33333333333333 2.5 1 1.2 2.16666666666667 tRNA
non-hypermutable 0.333333333333333 1.66666666666667 0 0 0.75 1 tRNA
tRNA 2.33333333333333 5.33333333333333 2 2 2.2 4 tRNA
tRNA 2.5 5.5 1.5 3 3 3.5 tRNA
non-hypermutable 0.333333333333333 0.666666666666667 0.333333333333333 2.66666666666667 0.75 1.4 tRNA
non-hypermutable 0.8 1 1 1 0.25 0.5 tRNA
tRNA 4.33333333333333 6 4.5 4 2.57142857142857 5.66666666666667 tRNA
non-hypermutable 0 1.33333333333333 0 0 0.5 1.5 tRNA
non-hypermutable 0 0.666666666666667 0 1.5 0.5 1.33333333333333 tRNA
tRNA 3.66666666666667 8.5 4 4.33333333333333 3 5.5 tRNA
non-hypermutable 0.666666666666667 1 1 1.5 0.166666666666667 1.75 tRNA
non-hypermutable 0.25 1.33333333333333 0 0.5 0.25 1 tRNA
non-hypermutable 0.75 2 2 1 0.4 1.75 tRNA
tRNA 2.25 5 1.5 4 4.5 4.5 tRNA
tRNA 2 8.5 3 3.25 3.66666666666667 3 tRNA
RNU 3.66666666666667 5.25 4.5 3.33333333333333 5 3.1 RNU
non-hypermutable 0.333333333333333 0.75 0.5 0.5 0.5 1 tRNA
tRNA 5 6.66666666666667 3 1.66666666666667 4.33333333333333 2.2 tRNA
non-hypermutable 1.75 3.25 1 1.5 1.25 1.75 tRNA
non-hypermutable 1 6 1.5 2.33333333333333 1.71428571428571 2.7 tRNA
tRNA 4 6.75 5 6.5 4.2 4.66666666666667 tRNA
tRNA 4 6.66666666666667 3.66666666666667 5.66666666666667 4.42857142857143 3.5 tRNA
non-hypermutable 0 0.666666666666667 0 1.5 1.16666666666667 1.25 tRNA
non-hypermutable 1.2 1.25 1 0.5 0.333333333333333 1.5 tRNA
non-hypermutable 0 1.66666666666667 0.5 0.666666666666667 0.2 3.25 tRNA
RNU 3.75 9.33333333333333 4.5 5.33333333333333 5 5.5 RNU
RNU 3.4 7.75 5.5 3.66666666666667 3.8 3.625 RNU
non-hypermutable 0.5 2.5 1 0 0.6 1 tRNA
non-hypermutable 0.666666666666667 2 0 1.5 0 1 tRNA
non-hypermutable 0.5 1 1 1 0.2 1 RNU
non-hypermutable 0.25 1.75 2 1.66666666666667 0.4 0.833333333333333 RNU
non-hypermutable 0.75 1.5 0 0 1.5 0.75 RNU
tRNA 8.5 13.5 6 5.66666666666667 4.5 4.625 tRNA
RNU 4.75 11 7 6.5 6 3.33333333333333 RNU
non-hypermutable 0.333333333333333 2 1 1 0.333333333333333 1.16666666666667 tRNA
RNU 7.66666666666667 10.6666666666667 5.33333333333333 4.75 6.6 4.375 RNU
