non-hypermutable 0.119085592769803 0.312599681020734 0.133971291866029 0.238171185539607 0.0558213716108453 0.140350877192982 tRNA
non-hypermutable 0.184615384615385 0.138461538461538 0.184615384615385 0.0615384615384615 0.153846153846154 0.276923076923077 tRNA
non-hypermutable 0.106382978723404 0.23936170212766 0.0319148936170213 0.382978723404255 0.0797872340425532 0.159574468085106 tRNA
non-hypermutable 0.119530416221985 0.448239060832444 0.0896478121664888 0.0672358591248666 0.0512273212379936 0.224119530416222 tRNA
non-hypermutable 0.214285714285714 0.357142857142857 0.133928571428571 0.107142857142857 0.0535714285714286 0.133928571428571 tRNA
non-hypermutable 0.0474683544303798 0.379746835443038 0.126582278481013 0.142405063291139 0.0949367088607595 0.208860759493671 tRNA
RNU 0.121863799283154 0.268817204301075 0.0967741935483871 0.114695340501792 0.150537634408602 0.247311827956989 RNU
non-hypermutable 0.126050420168067 0.302521008403361 0.100840336134454 0.0672268907563025 0.201680672268908 0.201680672268908 tRNA
non-hypermutable 0.0695652173913043 0.347826086956522 0.104347826086957 0.0782608695652174 0.156521739130435 0.243478260869565 tRNA
tRNA 0.135593220338983 0.223728813559322 0.122033898305085 0.16271186440678 0.152542372881356 0.203389830508475 tRNA
non-hypermutable 0.0530035335689046 0.247349823321555 0.0530035335689046 0.424028268551237 0.0530035335689046 0.169611307420495 tRNA
tRNA 0.211853720050441 0.238335435056747 0.0882723833543506 0.167717528373266 0.1437578814628 0.150063051702396 tRNA
non-hypermutable 0.148148148148148 0.194444444444444 0.0740740740740741 0.166666666666667 0.166666666666667 0.25 tRNA
tRNA 0.123809523809524 0.342857142857143 0.152380952380952 0.152380952380952 0.0857142857142857 0.142857142857143 tRNA
non-hypermutable 0.170940170940171 0.213675213675214 0.227920227920228 0.113960113960114 0.0341880341880342 0.239316239316239 tRNA
tRNA 0.165206508135169 0.300375469336671 0.14017521902378 0.120150187734668 0.150187734668335 0.123904881101377 tRNA
non-hypermutable 0.137339055793991 0.291845493562232 0.128755364806867 0.128755364806867 0.171673819742489 0.141630901287554 RNU
RNU 0.200626959247649 0.238244514106583 0.122257053291536 0.137931034482759 0.219435736677116 0.0815047021943574 RNU
tRNA 0.104496516782774 0.291323622545915 0.0759974667511083 0.189993666877771 0.129195693476884 0.208993033565548 tRNA
non-hypermutable 0.114406779661017 0.288135593220339 0.127118644067797 0.228813559322034 0.114406779661017 0.127118644067797 tRNA
tRNA 0.180790960451977 0.271186440677966 0.0602636534839925 0.195856873822976 0.128060263653484 0.163841807909605 tRNA
non-hypermutable 0.156521739130435 0.452173913043478 0.0521739130434783 0.156521739130435 0.0260869565217391 0.156521739130435 tRNA
non-hypermutable 0.220588235294118 0.367647058823529 0 0.110294117647059 0.0441176470588235 0.257352941176471 tRNA
tRNA 0.0946745562130177 0.266272189349112 0.284023668639053 0.106508875739645 0.106508875739645 0.142011834319527 tRNA
tRNA 0.148783977110157 0.274678111587983 0.171673819742489 0.137339055793991 0.125894134477825 0.141630901287554 tRNA
non-hypermutable 0.0869565217391304 0.130434782608696 0.130434782608696 0.260869565217391 0.130434782608696 0.260869565217391 tRNA
non-hypermutable 0.187667560321716 0.187667560321716 0.0938337801608579 0.262734584450402 0.0938337801608579 0.17426273458445 tRNA
tRNA 0.132730015082956 0.337858220211161 0.0361990950226244 0.199095022624434 0.16289592760181 0.131221719457014 tRNA
non-hypermutable 0.0974025974025974 0.194805194805195 0.12987012987013 0.25974025974026 0.162337662337662 0.155844155844156 tRNA
non-hypermutable 0 0.340909090909091 0.136363636363636 0.272727272727273 0.136363636363636 0.113636363636364 tRNA
non-hypermutable 0.0857142857142857 0.114285714285714 0.171428571428571 0.342857142857143 0.114285714285714 0.171428571428571 tRNA
non-hypermutable 0.0448897795591182 0.404008016032064 0 0.179559118236473 0.211623246492986 0.159919839679359 tRNA
non-hypermutable 0.128686327077748 0.32171581769437 0.0428954423592493 0.235924932975871 0.0857908847184986 0.184986595174263 tRNA
non-hypermutable 0.0280373831775701 0.336448598130841 0.168224299065421 0.224299065420561 0.0747663551401869 0.168224299065421 tRNA
non-hypermutable 0.099009900990099 0.396039603960396 0 0.198019801980198 0.158415841584158 0.148514851485149 tRNA
non-hypermutable 0.141652613827993 0.259696458684654 0.0708263069139966 0.188870151770658 0.09106239460371 0.247892074198988 tRNA
non-hypermutable 0.141772151898734 0.389873417721519 0.0354430379746835 0.106329113924051 0.167088607594937 0.159493670886076 tRNA
non-hypermutable 0 0.6 0 0 0.15 0.25 tRNA
tRNA 0.229007633587786 0.286259541984733 0.0801526717557252 0.145038167938931 0.110687022900763 0.148854961832061 tRNA
tRNA 0.233649734014812 0.321268384270366 0.0730155418796287 0.113904245332221 0.137686450401585 0.120475644101387 tRNA
RNU 0.212271973466003 0.218905472636816 0.199004975124378 0.139303482587065 0.165837479270315 0.0646766169154229 RNU
non-hypermutable 0.0681818181818182 0.454545454545455 0.0681818181818182 0.127272727272727 0.1 0.181818181818182 tRNA
non-hypermutable 0.068566340160285 0.36568714752152 0.13713268032057 0.18284357376076 0.04986642920748 0.195903829029386 tRNA
non-hypermutable 0.0835509138381201 0.31331592689295 0.25065274151436 0.156657963446475 0.0626631853785901 0.133159268929504 tRNA
non-hypermutable 0.0769333244521415 0.410311063744755 0.0512888829680943 0.225671085059615 0.0746020115899554 0.161193632185439 tRNA
non-hypermutable 0.115942028985507 0.231884057971014 0.260869565217391 0.173913043478261 0.0434782608695652 0.173913043478261 tRNA
non-hypermutable 0.289181513038988 0.173508907823393 0.144590756519494 0.130131680867545 0.148721920991479 0.113865220759101 tRNA
tRNA 0.160804020100503 0.221105527638191 0.180904522613065 0.160804020100503 0.160804020100503 0.115577889447236 tRNA
non-hypermutable 0.107692307692308 0.287179487179487 0.143589743589744 0.143589743589744 0.143589743589744 0.174358974358974 tRNA
tRNA 0.172413793103448 0.302480338777979 0.0483968542044767 0.14519056261343 0.101633393829401 0.229885057471264 tRNA
non-hypermutable 0.181582360570687 0.363164721141375 0.0680933852140078 0.204280155642023 0.0194552529182879 0.163424124513619 tRNA
non-hypermutable 0.0454545454545455 0.272727272727273 0.0909090909090909 0.227272727272727 0.181818181818182 0.181818181818182 tRNA
tRNA 0.125714285714286 0.3 0.114285714285714 0.157142857142857 0.171428571428571 0.131428571428571 tRNA
tRNA 0.197647058823529 0.254117647058824 0.169411764705882 0.0752941176470588 0.169411764705882 0.134117647058824 tRNA
tRNA 0.18705035971223 0.273381294964029 0.151079136690647 0.158273381294964 0.100719424460432 0.129496402877698 tRNA
tRNA 0.195519348268839 0.305498981670061 0.114052953156823 0.146639511201629 0.0855397148676171 0.152749490835031 tRNA
non-hypermutable 0.0650406504065041 0.130081300813008 0 0.48780487804878 0.0975609756097561 0.219512195121951 tRNA
non-hypermutable 0.10126582278481 0.265822784810127 0.0506329113924051 0.379746835443038 0.0506329113924051 0.151898734177215 tRNA
non-hypermutable 0.0769230769230769 0.173076923076923 0.230769230769231 0.346153846153846 0 0.173076923076923 tRNA
non-hypermutable 0.20253164556962 0.20253164556962 0 0.379746835443038 0.0379746835443038 0.177215189873418 tRNA
non-hypermutable 0.190981432360743 0.254641909814324 0 0.254641909814324 0.0848806366047745 0.214854111405836 tRNA
non-hypermutable 0.105726872246696 0.176211453744493 0.0352422907488987 0.317180616740088 0.145374449339207 0.220264317180617 tRNA
non-hypermutable 0.0674157303370786 0.449438202247191 0.134831460674157 0.134831460674157 0.0449438202247191 0.168539325842697 tRNA
non-hypermutable 0.245829675153644 0.245829675153644 0.0790166812993854 0.237050043898156 0.0131694468832309 0.17910447761194 tRNA
non-hypermutable 0.18 0.3 0.09 0.18 0.06 0.19 tRNA
tRNA 0.148588410104012 0.267459138187221 0.133729569093611 0.178306092124814 0.115898959881129 0.156017830609212 tRNA
non-hypermutable 0.0986436498150431 0.246609124537608 0.184956843403206 0.184956843403206 0.203452527743526 0.0813810110974106 tRNA
tRNA 0.0995896032831737 0.310259917920657 0.12640218878249 0.137893296853625 0.170725034199726 0.155129958960328 tRNA
non-hypermutable 0.0365853658536585 0.329268292682927 0.146341463414634 0.195121951219512 0.146341463414634 0.146341463414634 tRNA
non-hypermutable 0 0.414707541846906 0.157983825465488 0.165883016738762 0.0921572315215347 0.169268384427309 tRNA
non-hypermutable 0.181818181818182 0.340909090909091 0.136363636363636 0 0.0681818181818182 0.272727272727273 tRNA
tRNA 0.158251695553881 0.296721929163527 0.131876412961567 0.110776186887717 0.163903541823662 0.138470233609646 tRNA
non-hypermutable 0.120643431635389 0.32171581769437 0.134048257372654 0.107238605898123 0.0750670241286863 0.241286863270778 tRNA
non-hypermutable 0.164948453608247 0 0.247422680412371 0.247422680412371 0.0927835051546392 0.247422680412371 tRNA
tRNA 0.203966005665722 0.144475920679887 0.203966005665722 0.152974504249292 0.141643059490085 0.152974504249292 tRNA
RNU 0.259515570934256 0.186851211072664 0.207612456747405 0.110726643598616 0.173010380622837 0.0622837370242214 RNU
non-hypermutable 0.0793825799338478 0.352811466372657 0.0661521499448732 0.330760749724366 0.0882028665931643 0.0826901874310915 Imunoglobulin
non-hypermutable 0.0833333333333333 0.0833333333333333 0.375 0.25 0.0833333333333333 0.125 Imunoglobulin
non-hypermutable 0.205128205128205 0.230769230769231 0.102564102564103 0.102564102564103 0.153846153846154 0.205128205128205 Imunoglobulin
RNU 0.195121951219512 0.185078909612626 0.232424677187948 0.12051649928264 0.163558106169297 0.103299856527977 RNU
non-hypermutable 0.212765957446809 0.212765957446809 0.0709219858156028 0.212765957446809 0.0425531914893617 0.24822695035461 Imunoglobulin
tRNA 0.143769968051118 0.255591054313099 0.167731629392971 0.111821086261981 0.172523961661342 0.148562300319489 tRNA
non-hypermutable 0.241900647948164 0.403167746580274 0.0806335493160547 0.060475161987041 0.0777537796976242 0.136069114470842 Imunoglobulin
non-hypermutable 0.2 0.4 0.1 0.1 0 0.2 tRNA
non-hypermutable 0.199643493761141 0.199643493761141 0.299465240641711 0.0499108734402852 0.114081996434938 0.137254901960784 Imunoglobulin
tRNA 0.150943396226415 0.237735849056604 0.0905660377358491 0.20377358490566 0.135849056603774 0.181132075471698 tRNA
tRNA 0.103484688489968 0.413938753959873 0.08870116156283 0.08870116156283 0.135163674762408 0.170010559662091 tRNA
non-hypermutable 0.125 0.25 0.25 0.1875 0.125 0.0625 Imunoglobulin
non-hypermutable 0.0970350404312668 0.283018867924528 0.269541778975741 0.107816711590296 0.0808625336927224 0.161725067385445 Imunoglobulin
non-hypermutable 0 0.41025641025641 0 0 0.230769230769231 0.358974358974359 tRNA
Imunoglobulin 0.154109589041096 0.143835616438356 0.35958904109589 0.0513698630136986 0.171232876712329 0.11986301369863 Imunoglobulin
non-hypermutable 0.0348837209302326 0.372093023255814 0.0697674418604651 0.13953488372093 0.13953488372093 0.244186046511628 tRNA
tRNA 0.217864923747277 0.272331154684096 0.108932461873638 0.130718954248366 0.113289760348584 0.156862745098039 tRNA
non-hypermutable 0.0484429065743945 0.193771626297578 0.145328719723183 0.339100346020761 0.055363321799308 0.217993079584775 Imunoglobulin
non-hypermutable 0.130293159609121 0.195439739413681 0 0.390879478827362 0.146579804560261 0.136807817589577 tRNA
tRNA 0.125195618153365 0.312989045383412 0.0938967136150235 0.117370892018779 0.172143974960876 0.178403755868545 tRNA
non-hypermutable 0.0571428571428571 0.457142857142857 0.0571428571428571 0.0857142857142857 0.0571428571428571 0.285714285714286 Imunoglobulin
Imunoglobulin 0.196119780683256 0.242935470265711 0.244622522142556 0.0759173344580346 0.160269928300295 0.0801349641501476 Imunoglobulin
non-hypermutable 0.0888324873096447 0.426395939086294 0 0.0888324873096447 0.0761421319796954 0.319796954314721 Imunoglobulin
non-hypermutable 0.102564102564103 0.347985347985348 0.195360195360195 0.183150183150183 0.0732600732600733 0.0976800976800977 Imunoglobulin
non-hypermutable 0 0.666666666666667 0 0 0.133333333333333 0.2 Imunoglobulin
Imunoglobulin 0.180087471057371 0.198096218163108 0.324157447903267 0.171083097504502 0.0617442757910985 0.0648314895806535 Imunoglobulin
non-hypermutable 0 0.229508196721311 0.172131147540984 0 0.19672131147541 0.401639344262295 Imunoglobulin
non-hypermutable 0.0674157303370786 0.404494382022472 0.0449438202247191 0.337078651685393 0.0898876404494382 0.0561797752808989 Imunoglobulin
Imunoglobulin 0.141818181818182 0.334545454545455 0.16 0.174545454545455 0.101818181818182 0.0872727272727273 Imunoglobulin
non-hypermutable 0.234375 0.234375 0 0.1875 0.125 0.21875 tRNA
tRNA 0.178665265370468 0.346820809248555 0.0840777719390436 0.11823436678928 0.120861797162375 0.151339989490278 tRNA
tRNA 0.09 0.333333333333333 0.125 0.183333333333333 0.11 0.158333333333333 tRNA
non-hypermutable 0.0491803278688525 0.245901639344262 0.245901639344262 0.245901639344262 0.040983606557377 0.172131147540984 Imunoglobulin
non-hypermutable 0.157894736842105 0.210526315789474 0.210526315789474 0.105263157894737 0.105263157894737 0.210526315789474 tRNA
non-hypermutable 0.096 0.341333333333333 0.234666666666667 0.128 0.104 0.096 Imunoglobulin
non-hypermutable 0.132013201320132 0.158415841584158 0.264026402640264 0.198019801980198 0.099009900990099 0.148514851485149 Imunoglobulin
non-hypermutable 0.172413793103448 0.0862068965517241 0.0862068965517241 0.344827586206897 0.129310344827586 0.181034482758621 Imunoglobulin
non-hypermutable 0.132352941176471 0.308823529411765 0 0.220588235294118 0.0735294117647059 0.264705882352941 tRNA
non-hypermutable 0 0.339393939393939 0.121212121212121 0.242424242424242 0.145454545454545 0.151515151515152 Imunoglobulin
non-hypermutable 0.217391304347826 0.173913043478261 0.0579710144927536 0.260869565217391 0.0289855072463768 0.260869565217391 tRNA
non-hypermutable 0.202898550724638 0.282608695652174 0.260869565217391 0.0869565217391304 0.108695652173913 0.0579710144927536 Imunoglobulin
non-hypermutable 0.0902255639097744 0.24812030075188 0.180451127819549 0.300751879699248 0.0451127819548872 0.135338345864662 Imunoglobulin
non-hypermutable 0.0952380952380952 0.317460317460317 0.158730158730159 0.119047619047619 0.19047619047619 0.119047619047619 Imunoglobulin
non-hypermutable 0.110957004160888 0.166435506241331 0.0277392510402219 0.249653259361997 0.133148404993065 0.312066574202497 Imunoglobulin
non-hypermutable 0.182926829268293 0.268292682926829 0.24390243902439 0.121951219512195 0 0.182926829268293 Imunoglobulin
non-hypermutable 0 0.372093023255814 0 0.13953488372093 0.209302325581395 0.27906976744186 tRNA
non-hypermutable 0.117647058823529 0.0588235294117647 0.176470588235294 0.264705882352941 0 0.382352941176471 tRNA
non-hypermutable 0.136054421768707 0.136054421768707 0.0272108843537415 0.340136054421769 0.054421768707483 0.306122448979592 Imunoglobulin
non-hypermutable 0.159362549800797 0.345285524568393 0.106241699867198 0.0796812749003984 0.116865869853918 0.192563081009296 tRNA
Imunoglobulin 0.126315789473684 0.268421052631579 0.273684210526316 0.0842105263157895 0.126315789473684 0.121052631578947 Imunoglobulin
tRNA 0.182578927348802 0.289083301635603 0.0912894636744009 0.136934195511601 0.146063141879041 0.154050969950552 tRNA
tRNA 0.176848874598071 0.289389067524116 0.128617363344051 0.144694533762058 0.115755627009646 0.144694533762058 tRNA
non-hypermutable 0.126984126984127 0.19047619047619 0.476190476190476 0.0476190476190476 0.0317460317460317 0.126984126984127 Imunoglobulin
non-hypermutable 0 0.414814814814815 0 0.207407407407407 0.118518518518519 0.259259259259259 tRNA
non-hypermutable 0.288288288288288 0.126126126126126 0.0960960960960961 0.108108108108108 0.12012012012012 0.261261261261261 tRNA
tRNA 0.181818181818182 0.252525252525253 0.161616161616162 0.0808080808080808 0.121212121212121 0.202020202020202 tRNA
Imunoglobulin 0.183512962423536 0.342557529857268 0.122341974949024 0.130498106612292 0.104864549956306 0.116224876201573 Imunoglobulin
non-hypermutable 0.10752688172043 0.161290322580645 0.161290322580645 0.21505376344086 0.0806451612903226 0.274193548387097 tRNA
Imunoglobulin 0.179985601151908 0.251979841612671 0.248380129589633 0.129589632829374 0.11231101511879 0.0777537796976242 Imunoglobulin
Imunoglobulin 0.225454545454545 0.269090909090909 0.203636363636364 0.130909090909091 0.0927272727272727 0.0781818181818182 Imunoglobulin
Imunoglobulin 0.107969151670951 0.323907455012853 0.205655526992288 0.123393316195373 0.123393316195373 0.115681233933162 Imunoglobulin
non-hypermutable 0.103225806451613 0.412903225806452 0.103225806451613 0.154838709677419 0.0516129032258065 0.174193548387097 Imunoglobulin
non-hypermutable 0.0761421319796954 0.304568527918782 0.203045685279188 0.203045685279188 0 0.213197969543147 Imunoglobulin
Imunoglobulin 0.186549976969139 0.237678489175495 0.331644403500691 0.0829111008751727 0.11054813450023 0.0506678949792722 Imunoglobulin
Imunoglobulin 0.188741721854305 0.288079470198676 0.211920529801325 0.0927152317880795 0.0794701986754967 0.139072847682119 Imunoglobulin
non-hypermutable 0.0533333333333333 0.266666666666667 0.08 0.24 0.12 0.24 tRNA
non-hypermutable 0.0473336406946365 0.378669125557092 0.177501152604887 0.213001383125864 0.0516366989396035 0.131857999077916 Imunoglobulin
non-hypermutable 0.125391849529781 0 0.376175548589342 0.188087774294671 0.0752351097178683 0.235109717868339 tRNA
non-hypermutable 0 0.323699421965318 0 0.23121387283237 0.184971098265896 0.260115606936416 Imunoglobulin
non-hypermutable 0.12987012987013 0.292207792207792 0.12987012987013 0.162337662337662 0.155844155844156 0.12987012987013 Imunoglobulin
non-hypermutable 0.204081632653061 0.204081632653061 0.102040816326531 0.204081632653061 0.102040816326531 0.183673469387755 Imunoglobulin
non-hypermutable 0.08 0.266666666666667 0.08 0.16 0.213333333333333 0.2 tRNA
non-hypermutable 0.110497237569061 0.110497237569061 0 0.165745856353591 0.198895027624309 0.414364640883978 tRNA
non-hypermutable 0.0631578947368421 0.252631578947368 0.189473684210526 0.210526315789474 0 0.284210526315789 tRNA
non-hypermutable 0.129032258064516 0.225806451612903 0.0967741935483871 0.387096774193548 0.129032258064516 0.032258064516129 Imunoglobulin
non-hypermutable 0.130434782608696 0.347826086956522 0.173913043478261 0.173913043478261 0.0434782608695652 0.130434782608696 Imunoglobulin
non-hypermutable 0.0634920634920635 0.380952380952381 0.0952380952380952 0.126984126984127 0.126984126984127 0.206349206349206 tRNA
non-hypermutable 0 0.454545454545455 0 0.227272727272727 0.0909090909090909 0.227272727272727 tRNA
non-hypermutable 0.10989010989011 0.21978021978022 0 0.10989010989011 0.164835164835165 0.395604395604396 tRNA
non-hypermutable 0 0.228571428571429 0.171428571428571 0.342857142857143 0 0.257142857142857 tRNA
non-hypermutable 0.107142857142857 0.285714285714286 0.0952380952380952 0.0476190476190476 0.142857142857143 0.321428571428571 tRNA
non-hypermutable 0.133333333333333 0.333333333333333 0.1 0.0666666666666667 0.1 0.266666666666667 tRNA
non-hypermutable 0.134680134680135 0.252525252525253 0 0.202020202020202 0.141414141414141 0.269360269360269 tRNA
tRNA 0.17687074829932 0.23469387755102 0.0680272108843537 0.17687074829932 0.129251700680272 0.214285714285714 tRNA
non-hypermutable 0.248062015503876 0.310077519379845 0 0.27906976744186 0 0.162790697674419 tRNA
non-hypermutable 0.0909090909090909 0.606060606060606 0.113636363636364 0 0.0757575757575757 0.113636363636364 tRNA
non-hypermutable 0.0659340659340659 0.247252747252747 0.0824175824175824 0.247252747252747 0.247252747252747 0.10989010989011 tRNA
non-hypermutable 0.113207547169811 0.358490566037736 0.113207547169811 0.150943396226415 0.0377358490566038 0.226415094339623 tRNA
non-hypermutable 0.227755088729723 0.164659058016973 0.142022705048806 0.059676434360091 0.193703836119639 0.212182877724768 tRNA
non-hypermutable 0.0212999517350262 0.326628063117238 0.536758783722661 0.0583433460568109 0.0288378436427583 0.0281320117255063 tRNA
non-hypermutable 0 0.377856718356083 0.55498622382173 0 0 0.0671570578221866 tRNA
non-hypermutable 0 0.287767028978726 0.0837973762385804 0.306514161667006 0.189450944855004 0.132470488260683 tRNA
non-hypermutable 0 0.3533911101629 0 0.362008893375644 0.191651767081223 0.0929482293802329 tRNA
non-hypermutable 0.121654802660423 0.391988957411404 0.183561676183255 0 0.209145133740048 0.0936494300048702 tRNA
non-hypermutable 0.0921282685937773 0.384299031245726 0.331142215866932 0 0.192430484293565 0 tRNA
non-hypermutable 0 0.088366802790579 0.645449731119819 0.123251707450016 0 0.142931758639587 tRNA
non-hypermutable 0.0972525933032063 0.359376691090741 0.375447197120511 0 0.119133564322205 0.0487899541633362 tRNA
tRNA 0.205882352941176 0.264705882352941 0.132352941176471 0.0735294117647059 0.132352941176471 0.191176470588235 tRNA
non-hypermutable 0.161290322580645 0.451612903225806 0.032258064516129 0.129032258064516 0.0967741935483871 0.129032258064516 tRNA
tRNA 0.3 0.223529411764706 0.0588235294117647 0.129411764705882 0.135294117647059 0.152941176470588 tRNA
non-hypermutable 0.280701754385965 0.210526315789474 0 0.210526315789474 0.140350877192982 0.157894736842105 tRNA
non-hypermutable 0.0925925925925926 0.339506172839506 0.0308641975308642 0.185185185185185 0.185185185185185 0.166666666666667 tRNA
non-hypermutable 0.0796812749003984 0.424966799468791 0.0796812749003984 0.212483399734396 0.0637450199203187 0.139442231075697 tRNA
tRNA 0.0898203592814371 0.359281437125748 0.0838323353293413 0.143712574850299 0.179640718562874 0.143712574850299 tRNA
non-hypermutable 0.117647058823529 0.235294117647059 0.117647058823529 0.352941176470588 0 0.176470588235294 tRNA
non-hypermutable 0.115416323165705 0.21434460016488 0.12366034624897 0.296784830997527 0.138499587798846 0.111294311624073 tRNA
non-hypermutable 0.105315947843531 0.421263791374122 0 0.0702106318956871 0.147442326980943 0.255767301905717 tRNA
tRNA 0.120649651972158 0.375870069605568 0.111368909512761 0.104408352668213 0.139211136890951 0.148491879350348 tRNA
tRNA 0.10738255033557 0.393736017897092 0.0536912751677852 0.196868008948546 0.0805369127516778 0.167785234899329 tRNA
tRNA 0.14014598540146 0.198540145985401 0.35036496350365 0.0700729927007299 0.113868613138686 0.127007299270073 tRNA
non-hypermutable 0.170212765957447 0.212765957446809 0.0851063829787234 0.340425531914894 0.0851063829787234 0.106382978723404 tRNA
non-hypermutable 0.0983606557377049 0.262295081967213 0.0983606557377049 0.0983606557377049 0.0983606557377049 0.344262295081967 tRNA
tRNA 0.0855745721271394 0.308068459657702 0.0684596577017115 0.171149144254279 0.127139364303178 0.23960880195599 tRNA
non-hypermutable 0.0357142857142857 0.357142857142857 0.0357142857142857 0.214285714285714 0.0357142857142857 0.321428571428571 tRNA
non-hypermutable 0.051413881748072 0.231362467866324 0.231362467866324 0.231362467866324 0.0616966580976864 0.19280205655527 tRNA
non-hypermutable 0 0.481178396072013 0.0916530278232406 0.206219312602291 0.117839607201309 0.103109656301146 tRNA
tRNA 0.0879443019421033 0.381091975082448 0.153902528398681 0.0769512641993404 0.140710883107365 0.159399047270062 tRNA
non-hypermutable 0.153846153846154 0.461538461538462 0 0 0 0.384615384615385 tRNA
tRNA 0.160771704180064 0.257234726688103 0.0964630225080386 0.22508038585209 0.12540192926045 0.135048231511254 tRNA
non-hypermutable 0.132743362831858 0.353982300884956 0 0.176991150442478 0.176991150442478 0.15929203539823 tRNA
non-hypermutable 0.142011834319527 0.355029585798817 0.266272189349112 0.0887573964497042 0.0591715976331361 0.0887573964497042 tRNA
non-hypermutable 0.0630157539384846 0.126031507876969 0.126031507876969 0.330832708177044 0.0840210052513128 0.27006751687922 tRNA
non-hypermutable 0.0601503759398496 0.24812030075188 0.0902255639097744 0.180451127819549 0.150375939849624 0.270676691729323 tRNA
non-hypermutable 0.119760479041916 0.0718562874251497 0.179640718562874 0 0.0898203592814371 0.538922155688623 tRNA
tRNA 0.149210064365126 0.193095377413692 0.245757753071972 0.193095377413692 0.0842598010532475 0.13458162668227 tRNA
non-hypermutable 0 0.290322580645161 0 0.258064516129032 0.258064516129032 0.193548387096774 tRNA
tRNA 0.126883425852498 0.249801744647105 0.21411578112609 0.126883425852498 0.0761300555114988 0.206185567010309 tRNA
tRNA 0.219718309859155 0.219718309859155 0.0507042253521127 0.123943661971831 0.191549295774648 0.194366197183099 tRNA
non-hypermutable 0.18957345971564 0.227488151658768 0.113744075829384 0.113744075829384 0.170616113744076 0.184834123222749 tRNA
tRNA 0.155591572123177 0.408427876823339 0 0.194489465153971 0.0907617504051864 0.150729335494327 tRNA
non-hypermutable 0.108695652173913 0.304347826086957 0.195652173913043 0.0978260869565217 0.152173913043478 0.141304347826087 tRNA
tRNA 0.09765625 0.325520833333333 0.0520833333333333 0.25390625 0.1015625 0.169270833333333 tRNA
non-hypermutable 0.212389380530973 0.238938053097345 0.0707964601769911 0.106194690265487 0.106194690265487 0.265486725663717 tRNA
non-hypermutable 0.147492625368732 0.247787610619469 0.132743362831858 0 0.206489675516224 0.265486725663717 tRNA
non-hypermutable 0.181481481481481 0.311111111111111 0.103703703703704 0.181481481481481 0.0777777777777778 0.144444444444444 tRNA
tRNA 0.139433551198257 0.235294117647059 0.104575163398693 0.174291938997821 0.169934640522876 0.176470588235294 tRNA
non-hypermutable 0.13953488372093 0.27906976744186 0 0 0.0930232558139535 0.488372093023256 tRNA
tRNA 0.100250626566416 0.31328320802005 0.18796992481203 0.112781954887218 0.157894736842105 0.12781954887218 tRNA
non-hypermutable 0.0989010989010989 0.373626373626374 0.0659340659340659 0.153846153846154 0.0989010989010989 0.208791208791209 tRNA
non-hypermutable 0.0985915492957746 0.246478873239437 0 0.443661971830986 0.0845070422535211 0.126760563380282 tRNA
non-hypermutable 0.147058823529412 0.25 0.117647058823529 0.205882352941176 0.102941176470588 0.176470588235294 tRNA
non-hypermutable 0.0833333333333333 0.194444444444444 0.0833333333333333 0.166666666666667 0.166666666666667 0.305555555555556 tRNA
non-hypermutable 0.0785340314136126 0.471204188481675 0.0785340314136126 0.104712041884817 0.0942408376963351 0.172774869109948 tRNA
tRNA 0.158730158730159 0.222222222222222 0.0952380952380952 0.142857142857143 0.134920634920635 0.246031746031746 tRNA
non-hypermutable 0.206896551724138 0.379310344827586 0.0689655172413793 0.103448275862069 0.103448275862069 0.137931034482759 tRNA
tRNA 0.118161925601751 0.288840262582057 0.0787746170678337 0.12253829321663 0.227571115973742 0.164113785557987 tRNA
non-hypermutable 0.156862745098039 0.372549019607843 0.0784313725490196 0.104575163398693 0.0784313725490196 0.209150326797386 tRNA
tRNA 0.208768267223382 0.313152400835073 0.0626304801670146 0.146137787056367 0.0876826722338204 0.181628392484342 tRNA
non-hypermutable 0.109614782336361 0.416536172878171 0.0986533041027247 0.153460695270905 0.103351080488569 0.11838396492327 tRNA
non-hypermutable 0.167464114832536 0.311004784688995 0.0478468899521531 0.143540669856459 0.114832535885167 0.215311004784689 tRNA
non-hypermutable 0.162767039674466 0.167853509664293 0.0915564598168871 0.183112919633774 0.170905391658189 0.223804679552391 tRNA
tRNA 0.211554109031733 0.358014646053702 0.048820179007323 0.081366965012205 0.149715215622457 0.150528885272579 tRNA
tRNA 0.185792349726776 0.188524590163934 0.114754098360656 0.180327868852459 0.174863387978142 0.155737704918033 tRNA
non-hypermutable 0.0841514726507714 0.280504908835905 0.168302945301543 0.168302945301543 0.151472650771388 0.14726507713885 tRNA
non-hypermutable 0.0442260442260442 0.452088452088452 0.0294840294840295 0.206388206388206 0.157248157248157 0.110565110565111 tRNA
non-hypermutable 0.125260960334029 0.292275574112735 0.125260960334029 0.156576200417537 0.125260960334029 0.175365344467641 tRNA
tRNA 0.182982616651418 0.457456541628545 0.0731930466605673 0.0731930466605673 0.080512351326624 0.132662397072278 tRNA
tRNA 0.182529335071708 0.260756192959583 0.0521512385919166 0.208604954367666 0.146023468057366 0.14993481095176 tRNA
non-hypermutable 0.0598290598290598 0.358974358974359 0 0.179487179487179 0.102564102564103 0.299145299145299 tRNA
non-hypermutable 0.12 0.154285714285714 0.137142857142857 0.274285714285714 0.154285714285714 0.16 tRNA
non-hypermutable 0.0995575221238938 0.265486725663717 0.132743362831858 0.176991150442478 0.0929203539823009 0.232300884955752 tRNA
tRNA 0.11336032388664 0.230769230769231 0.097165991902834 0.145748987854251 0.097165991902834 0.315789473684211 tRNA
tRNA 0.0373250388802488 0.391912908242613 0.149300155520995 0.211508553654743 0.111975116640746 0.0979782270606532 tRNA
non-hypermutable 0.185758513931889 0.402476780185758 0 0.185758513931889 0.0773993808049536 0.148606811145511 tRNA
non-hypermutable 0.110091743119266 0.192660550458716 0.110091743119266 0.18348623853211 0.146788990825688 0.256880733944954 tRNA
non-hypermutable 0.152284263959391 0.223350253807107 0.121827411167513 0.121827411167513 0.182741116751269 0.197969543147208 tRNA
non-hypermutable 0.122448979591837 0.326530612244898 0.326530612244898 0 0.0408163265306122 0.183673469387755 tRNA
non-hypermutable 0.115606936416185 0.173410404624277 0.260115606936416 0.173410404624277 0.104046242774566 0.173410404624277 tRNA
non-hypermutable 0.077319587628866 0.077319587628866 0.103092783505155 0.309278350515464 0.123711340206186 0.309278350515464 tRNA
tRNA 0.0988142292490119 0.260869565217391 0.177865612648221 0.118577075098814 0.106719367588933 0.237154150197628 tRNA
non-hypermutable 0.142857142857143 0.392857142857143 0.0476190476190476 0.166666666666667 0.128571428571429 0.121428571428571 tRNA
non-hypermutable 0.170454545454545 0.284090909090909 0.0852272727272727 0.170454545454545 0.136363636363636 0.153409090909091 tRNA
tRNA 0.207792207792208 0.363636363636364 0.0779220779220779 0.103896103896104 0.0779220779220779 0.168831168831169 tRNA
non-hypermutable 0.10126582278481 0.30379746835443 0.0759493670886076 0.30379746835443 0.10126582278481 0.113924050632911 tRNA
tRNA 0.091743119266055 0.36697247706422 0.122324159021407 0.091743119266055 0.159021406727829 0.168195718654434 tRNA
non-hypermutable 0.0789473684210526 0.256578947368421 0.157894736842105 0.236842105263158 0.0986842105263158 0.171052631578947 tRNA
non-hypermutable 0.104347826086957 0.182608695652174 0.156521739130435 0.156521739130435 0.104347826086957 0.295652173913043 tRNA
non-hypermutable 0.0990712074303406 0.396284829721362 0.111455108359133 0.123839009287926 0.148606811145511 0.120743034055728 tRNA
tRNA 0.137174211248285 0.349794238683128 0.164609053497942 0.185185185185185 0.0480109739368999 0.11522633744856 tRNA
non-hypermutable 0.170648464163823 0.341296928327645 0.0511945392491468 0.136518771331058 0.0614334470989761 0.238907849829352 tRNA
non-hypermutable 0.165400843881857 0.212658227848101 0.0886075949367089 0.212658227848101 0.0607594936708861 0.259915611814346 tRNA
non-hypermutable 0.225241329996425 0.262781551662496 0.0250268144440472 0.150160886664283 0.0965319985698963 0.240257418662853 tRNA
non-hypermutable 0.104347826086957 0.417391304347826 0.0869565217391304 0.156521739130435 0.0521739130434783 0.182608695652174 tRNA
tRNA 0.161557879552831 0.161557879552831 0.212044716913091 0.141363144608727 0.164442841687703 0.159033537684818 tRNA
tRNA 0.266272189349112 0.281065088757396 0.0591715976331361 0.133136094674556 0.118343195266272 0.142011834319527 tRNA
non-hypermutable 0.14018691588785 0.327102803738318 0.105140186915888 0.210280373831776 0.0700934579439252 0.147196261682243 tRNA
non-hypermutable 0.0397350993377483 0.423841059602649 0 0.397350993377483 0 0.139072847682119 tRNA
non-hypermutable 0.0657894736842105 0.210526315789474 0.263157894736842 0.263157894736842 0 0.197368421052632 tRNA
non-hypermutable 0.0881057268722467 0.387665198237885 0.185022026431718 0.0352422907488987 0.211453744493392 0.092511013215859 tRNA
tRNA 0.099290780141844 0.468085106382979 0.0638297872340425 0.0638297872340425 0.113475177304965 0.191489361702128 tRNA
tRNA 0.213740458015267 0.290076335877863 0.137404580152672 0.137404580152672 0.0687022900763359 0.152671755725191 tRNA
non-hypermutable 0.0692640692640693 0.25974025974026 0.155844155844156 0.173160173160173 0.121212121212121 0.220779220779221 tRNA
tRNA 0.169811320754717 0.320754716981132 0.0566037735849057 0.245283018867925 0.0660377358490566 0.141509433962264 tRNA
non-hypermutable 0.0807174887892377 0.201793721973094 0.134529147982063 0.188340807174888 0.233183856502242 0.161434977578475 tRNA
non-hypermutable 0.0966183574879227 0.36231884057971 0 0.193236714975845 0.144927536231884 0.202898550724638 tRNA
non-hypermutable 0.102739726027397 0.349315068493151 0.123287671232877 0.164383561643836 0.136986301369863 0.123287671232877 tRNA
non-hypermutable 0.0853242320819113 0.341296928327645 0.068259385665529 0.204778156996587 0.150170648464164 0.150170648464164 tRNA
tRNA 0.150234741784038 0.325508607198748 0.131455399061033 0.162754303599374 0.131455399061033 0.0985915492957747 tRNA
non-hypermutable 0.126760563380282 0.394366197183099 0.0845070422535211 0.253521126760563 0.0563380281690141 0.0845070422535211 tRNA
tRNA 0.0834202294056309 0.312825860271116 0.125130344108446 0.172054223149114 0.125130344108446 0.181438998957247 tRNA
non-hypermutable 0.0879120879120879 0.43956043956044 0.131868131868132 0 0.164835164835165 0.175824175824176 tRNA
non-hypermutable 0.136363636363636 0.318181818181818 0.102272727272727 0.238636363636364 0.0681818181818182 0.136363636363636 tRNA
non-hypermutable 0.127208480565371 0.282685512367491 0.0565371024734982 0.212014134275618 0.141342756183746 0.180212014134276 tRNA
non-hypermutable 0.113085621970921 0.452342487883683 0.0848142164781906 0.0565428109854604 0.0726978998384491 0.220516962843296 tRNA
tRNA 0.151515151515152 0.303030303030303 0.0606060606060606 0.121212121212121 0.170454545454545 0.193181818181818 tRNA
non-hypermutable 0 0.291666666666667 0.194444444444444 0.291666666666667 0.0277777777777778 0.194444444444444 tRNA
non-hypermutable 0.127504553734062 0.245901639344262 0.145719489981785 0.163934426229508 0.0983606557377049 0.218579234972678 tRNA
tRNA 0.193939393939394 0.218181818181818 0.181818181818182 0.206060606060606 0.109090909090909 0.0909090909090909 tRNA
non-hypermutable 0.0625 0.333333333333333 0.125 0.0833333333333333 0.0625 0.333333333333333 tRNA
tRNA 0.206219312602291 0.292144026186579 0.137479541734861 0.0916530278232406 0.117839607201309 0.154664484451718 tRNA
non-hypermutable 0 0.615384615384615 0.0615384615384615 0.184615384615385 0 0.138461538461538 tRNA
non-hypermutable 0.113636363636364 0.454545454545455 0.0606060606060606 0.121212121212121 0.0909090909090909 0.159090909090909 tRNA
tRNA 0.106100795755968 0.26525198938992 0.143236074270557 0.175066312997347 0.119363395225464 0.190981432360743 tRNA
tRNA 0.186451211932878 0.273461777501554 0.0932256059664388 0.124300807955252 0.126786824114357 0.195773772529521 tRNA
non-hypermutable 0.102651839178785 0.128314798973482 0.205303678357571 0.273738237810094 0.123182207014542 0.166809238665526 tRNA
non-hypermutable 0.0743034055727554 0.321981424148607 0.0990712074303406 0.222910216718266 0.123839009287926 0.157894736842105 tRNA
non-hypermutable 0.161616161616162 0.212121212121212 0.212121212121212 0.151515151515152 0.151515151515152 0.111111111111111 tRNA
non-hypermutable 0.0826446280991736 0.297520661157025 0.247933884297521 0.0743801652892562 0.111570247933884 0.18595041322314 tRNA
tRNA 0.062015503875969 0.341085271317829 0.124031007751938 0.124031007751938 0.108527131782946 0.24031007751938 tRNA
tRNA 0.141342756183746 0.3886925795053 0.0706713780918728 0.176678445229682 0.11660777385159 0.106007067137809 tRNA
tRNA 0.152403282532239 0.257913247362251 0.105509964830012 0.0937866354044549 0.126611957796014 0.263774912075029 tRNA
non-hypermutable 0.136665365091761 0.273330730183522 0.0273330730183522 0.191331511128465 0.117141741507224 0.254197579070676 tRNA
non-hypermutable 0.152866242038217 0.343949044585987 0.152866242038217 0.0382165605095541 0.0955414012738853 0.21656050955414 tRNA
tRNA 0.159420289855072 0.376811594202899 0.0579710144927536 0.144927536231884 0.0917874396135266 0.169082125603865 tRNA
non-hypermutable 0.275862068965517 0.155172413793103 0 0.103448275862069 0.206896551724138 0.258620689655172 tRNA
non-hypermutable 0.146341463414634 0.365853658536585 0.182926829268293 0.0365853658536585 0.146341463414634 0.121951219512195 tRNA
tRNA 0.162790697674419 0.284883720930233 0.0203488372093023 0.106831395348837 0.104651162790698 0.320494186046512 tRNA
tRNA 0.132352941176471 0.323529411764706 0.220588235294118 0.110294117647059 0.110294117647059 0.102941176470588 tRNA
non-hypermutable 0.0547445255474453 0.492700729927007 0.109489051094891 0.109489051094891 0.0875912408759124 0.145985401459854 tRNA
non-hypermutable 0.1 0.342857142857143 0.0857142857142857 0.2 0.157142857142857 0.114285714285714 tRNA
non-hypermutable 0.188976377952756 0.330708661417323 0.094488188976378 0.141732283464567 0.118110236220472 0.125984251968504 tRNA
tRNA 0.103857566765579 0.280415430267062 0.103857566765579 0.140207715133531 0.106824925816024 0.264836795252226 tRNA
tRNA 0.154639175257732 0.309278350515464 0.0343642611683849 0.189003436426117 0.13745704467354 0.175257731958763 tRNA
tRNA 0.156862745098039 0.264705882352941 0.0980392156862745 0.0784313725490196 0.166666666666667 0.235294117647059 tRNA
non-hypermutable 0.13029315960912 0.0977198697068404 0.195439739413681 0.195439739413681 0.0390879478827362 0.342019543973941 tRNA
non-hypermutable 0.072289156626506 0.144578313253012 0.0963855421686747 0.36144578313253 0.144578313253012 0.180722891566265 tRNA
tRNA 0.167235494880546 0.232935153583618 0.083617747440273 0.191126279863481 0.127986348122867 0.197098976109215 tRNA
non-hypermutable 0.0453257790368272 0.509915014164306 0.101983002832861 0.113314447592068 0.0679886685552408 0.161473087818697 tRNA
non-hypermutable 0.212389380530973 0.292035398230089 0 0.106194690265487 0.212389380530973 0.176991150442478 tRNA
non-hypermutable 0.0745341614906832 0.260869565217391 0.22360248447205 0.149068322981366 0.198757763975155 0.093167701863354 tRNA
non-hypermutable 0.184049079754601 0.368098159509202 0.081799591002045 0.122699386503067 0.102249488752556 0.141104294478528 tRNA
tRNA 0.228992944194997 0.296343810134702 0.0942912123155869 0.121231558691469 0.0885182809493265 0.170622193713919 tRNA
tRNA 0.136518771331058 0.218430034129693 0.143344709897611 0.0819112627986348 0.16382252559727 0.255972696245734 tRNA
tRNA 0.142857142857143 0.214285714285714 0.171428571428571 0.157142857142857 0.185714285714286 0.128571428571429 tRNA
non-hypermutable 0.0882352941176471 0.330882352941176 0.110294117647059 0.183823529411765 0.154411764705882 0.132352941176471 tRNA
non-hypermutable 0.0516795865633075 0.348837209302326 0.0516795865633075 0.155038759689922 0.129198966408269 0.263565891472868 tRNA
non-hypermutable 0.0975609756097561 0.439024390243902 0 0.195121951219512 0.0731707317073171 0.195121951219512 tRNA
non-hypermutable 0.0727272727272727 0.163636363636364 0 0.327272727272727 0.218181818181818 0.218181818181818 tRNA
tRNA 0.108803165182987 0.303330036267722 0.118694362017804 0.171447411803495 0.134520276953511 0.163204747774481 tRNA
non-hypermutable 0.161538461538462 0.4 0 0.184615384615385 0.161538461538462 0.0923076923076923 tRNA
non-hypermutable 0.125 0.5 0 0 0.0833333333333333 0.291666666666667 tRNA
non-hypermutable 0.0869565217391304 0.217391304347826 0.0434782608695652 0.217391304347826 0.202898550724638 0.231884057971014 tRNA
non-hypermutable 0 0.0952380952380952 0.0952380952380952 0.285714285714286 0.19047619047619 0.333333333333333 tRNA
tRNA 0.14410480349345 0.244541484716157 0.174672489082969 0.170305676855895 0.122270742358079 0.14410480349345 tRNA
non-hypermutable 0.153005464480874 0.180327868852459 0.109289617486339 0.174863387978142 0.131147540983607 0.251366120218579 tRNA
non-hypermutable 0.086687306501548 0.247678018575851 0.185758513931889 0.247678018575851 0.0619195046439629 0.170278637770898 tRNA
non-hypermutable 0.0947867298578199 0.37914691943128 0.113744075829384 0.113744075829384 0.113744075829384 0.184834123222749 tRNA
tRNA 0.13039934800326 0.256723716381418 0.0733496332518337 0.162999185004075 0.156479217603912 0.220048899755501 tRNA
non-hypermutable 0.144329896907217 0.288659793814433 0.123711340206186 0.185567010309278 0.103092783505155 0.154639175257732 tRNA
non-hypermutable 0.0655021834061135 0.229257641921397 0.0436681222707424 0.0655021834061135 0.0393013100436681 0.556768558951965 tRNA
tRNA 0.137120470127326 0.313418217433888 0.146914789422135 0.0587659157688541 0.152791380999021 0.190989226248776 tRNA
tRNA 0.0327153762268266 0.2453653217012 0.152671755725191 0.261723009814613 0.130861504907306 0.176663031624864 tRNA
non-hypermutable 0.107962213225371 0.222672064777328 0.121457489878543 0.202429149797571 0.048582995951417 0.296896086369771 tRNA
tRNA 0.172185430463576 0.251655629139073 0.119205298013245 0.139072847682119 0.188741721854305 0.129139072847682 tRNA
non-hypermutable 0.0710479573712256 0.373001776198934 0.106571936056838 0.0710479573712256 0.0852575488454707 0.293072824156306 tRNA
non-hypermutable 0.141732283464567 0.220472440944882 0.141732283464567 0.21259842519685 0.118110236220472 0.165354330708661 tRNA
non-hypermutable 0.115942028985507 0.347826086956522 0.0869565217391304 0.202898550724638 0.072463768115942 0.173913043478261 tRNA
tRNA 0.119047619047619 0.306122448979592 0.255102040816327 0.0340136054421769 0.163265306122449 0.122448979591837 tRNA
non-hypermutable 0.12565445026178 0.43979057591623 0.031413612565445 0.12565445026178 0.104712041884817 0.172774869109948 tRNA
non-hypermutable 0.0836820083682008 0.418410041841004 0.125523012552301 0.125523012552301 0.100418410041841 0.146443514644351 tRNA
tRNA 0.0650406504065041 0.390243902439024 0.0813008130081301 0.113821138211382 0.178861788617886 0.170731707317073 tRNA
non-hypermutable 0.142222222222222 0.355555555555556 0.0266666666666667 0.106666666666667 0.146666666666667 0.222222222222222 tRNA
non-hypermutable 0.162162162162162 0.175675675675676 0.243243243243243 0.135135135135135 0.121621621621622 0.162162162162162 tRNA
tRNA 0.137931034482759 0.21551724137931 0.172413793103448 0.155172413793103 0.129310344827586 0.189655172413793 tRNA
non-hypermutable 0.120603015075377 0.180904522613065 0.0904522613065327 0.271356783919598 0.165829145728643 0.170854271356784 tRNA
tRNA 0.0981818181818182 0.24 0.109090909090909 0.218181818181818 0.203636363636364 0.130909090909091 tRNA
non-hypermutable 0.104046242774566 0.323699421965318 0.069364161849711 0.277456647398844 0.069364161849711 0.15606936416185 tRNA
non-hypermutable 0.0606060606060606 0.343434343434343 0.151515151515152 0.151515151515152 0.222222222222222 0.0707070707070707 tRNA
non-hypermutable 0.166666666666667 0.28125 0.09375 0.09375 0.208333333333333 0.15625 tRNA
tRNA 0.144167758846658 0.301441677588467 0.137614678899083 0.176933158584535 0.102228047182176 0.137614678899083 tRNA
non-hypermutable 0.114754098360656 0.278688524590164 0.0983606557377049 0.19672131147541 0.0819672131147541 0.229508196721311 tRNA
tRNA 0.128783000643915 0.328396651641983 0.0386349001931745 0.185447520927238 0.164198325820992 0.154539600772698 tRNA
tRNA 0.134652377026656 0.307776861775213 0.0961802693047541 0.138499587798846 0.182742511679033 0.140148392415499 tRNA
tRNA 0.214285714285714 0.142857142857143 0.178571428571429 0.107142857142857 0.107142857142857 0.25 tRNA
non-hypermutable 0.0337078651685393 0.359550561797753 0.202247191011236 0.112359550561798 0.168539325842697 0.123595505617978 tRNA
tRNA 0.150234741784038 0.312989045383412 0.100156494522692 0.17527386541471 0.125195618153365 0.136150234741784 tRNA
tRNA 0.138147566718995 0.351648351648352 0.0941915227629513 0.163265306122449 0.106750392464678 0.145996860282575 tRNA
non-hypermutable 0.118811881188119 0.277227722772277 0.297029702970297 0.0891089108910891 0.099009900990099 0.118811881188119 tRNA
non-hypermutable 0.12 0.12 0.24 0.24 0.12 0.16 tRNA
tRNA 0.244897959183673 0.210884353741497 0.108843537414966 0.0816326530612245 0.204081632653061 0.149659863945578 tRNA
tRNA 0.19283065512979 0.326328800988875 0.207663782447466 0.0988875154511743 0.0741656365883807 0.100123609394314 tRNA
tRNA 0.142857142857143 0.392857142857143 0.0714285714285714 0.160714285714286 0.107142857142857 0.125 tRNA
non-hypermutable 0.103896103896104 0.311688311688312 0 0.207792207792208 0.181818181818182 0.194805194805195 tRNA
tRNA 0.0337837837837838 0.35472972972973 0.228040540540541 0.168918918918919 0.0929054054054054 0.121621621621622 tRNA
non-hypermutable 0.13953488372093 0.348837209302326 0.209302325581395 0.13953488372093 0.0581395348837209 0.104651162790698 tRNA
tRNA 0.188976377952756 0.31496062992126 0.031496062992126 0.062992125984252 0.188976377952756 0.21259842519685 tRNA
non-hypermutable 0.181132075471698 0.332075471698113 0.0452830188679245 0.060377358490566 0.120754716981132 0.260377358490566 tRNA
non-hypermutable 0.118811881188119 0.277227722772277 0.198019801980198 0.198019801980198 0.0792079207920792 0.128712871287129 tRNA
non-hypermutable 0.0549450549450549 0.370879120879121 0.206043956043956 0.137362637362637 0.115384615384615 0.115384615384615 tRNA
non-hypermutable 0.123076923076923 0.24 0.147692307692308 0.110769230769231 0.221538461538462 0.156923076923077 tRNA
tRNA 0.201342281879195 0.251677852348993 0.181208053691275 0.134228187919463 0.12751677852349 0.104026845637584 tRNA
tRNA 0.10126582278481 0.388185654008439 0.0506329113924051 0.118143459915612 0.189873417721519 0.151898734177215 tRNA
tRNA 0.151898734177215 0.286919831223629 0.126582278481013 0.151898734177215 0.118143459915612 0.164556962025316 tRNA
non-hypermutable 0.0519480519480519 0.38961038961039 0 0.311688311688312 0.0779220779220779 0.168831168831169 tRNA
tRNA 0.11304347826087 0.226086956521739 0.104347826086957 0.139130434782609 0.16304347826087 0.254347826086957 tRNA
non-hypermutable 0.194444444444444 0.315972222222222 0.0729166666666667 0.145833333333333 0.125 0.145833333333333 tRNA
non-hypermutable 0.112 0.408 0.096 0.144 0.12 0.12 tRNA
non-hypermutable 0.144827586206897 0.424827586206897 0 0.231724137931035 0.0827586206896552 0.115862068965517 tRNA
non-hypermutable 0.210526315789474 0.236842105263158 0.157894736842105 0.157894736842105 0 0.236842105263158 tRNA
non-hypermutable 0.0645161290322581 0.387096774193548 0 0.193548387096774 0.0645161290322581 0.290322580645161 tRNA
non-hypermutable 0.121457489878543 0.356275303643725 0.097165991902834 0.145748987854251 0.17004048582996 0.109311740890688 tRNA
tRNA 0.149051490514905 0.284552845528455 0.0677506775067751 0.182926829268293 0.146341463414634 0.169376693766938 tRNA
tRNA 0.155038759689922 0.361757105943152 0.0516795865633075 0.116279069767442 0.103359173126615 0.211886304909561 tRNA
non-hypermutable 0.114942528735632 0.268199233716475 0.0766283524904215 0.172413793103448 0.137931034482759 0.229885057471264 tRNA
tRNA 0.227165168007572 0.227165168007572 0.0757217226691907 0.156176053005206 0.120681495504023 0.193090392806436 tRNA
tRNA 0.218181818181818 0.327272727272727 0.0436363636363636 0.163636363636364 0.0727272727272727 0.174545454545455 tRNA
non-hypermutable 0.101479915433404 0.549682875264271 0 0.126849894291755 0.0317124735729387 0.190274841437632 tRNA
tRNA 0.181956027293404 0.261561789234268 0.181956027293404 0.136467020470053 0.0833965125094769 0.154662623199394 tRNA
non-hypermutable 0.115942028985507 0.367149758454106 0.144927536231884 0.0966183574879227 0.115942028985507 0.159420289855072 tRNA
tRNA 0.20442930153322 0.299829642248722 0.109028960817717 0.149914821124361 0.0885860306643952 0.148211243611584 tRNA
non-hypermutable 0.037037037037037 0.37037037037037 0.0740740740740741 0.185185185185185 0.123456790123457 0.209876543209877 tRNA
non-hypermutable 0 0.583333333333333 0 0.116666666666667 0 0.3 tRNA
tRNA 0.20109689213894 0.292504570383912 0.109689213893967 0.0914076782449726 0.146252285191956 0.159049360146252 tRNA
non-hypermutable 0.0854700854700855 0.235042735042735 0 0.170940170940171 0.102564102564103 0.405982905982906 tRNA
non-hypermutable 0.140350877192982 0.350877192982456 0.140350877192982 0.0701754385964912 0.140350877192982 0.157894736842105 tRNA
non-hypermutable 0.188457008244994 0.376914016489988 0.0353356890459364 0.141342756183746 0.088339222614841 0.169611307420495 tRNA
non-hypermutable 0.336134453781513 0.0840336134453781 0.252100840336134 0 0.126050420168067 0.201680672268908 tRNA
non-hypermutable 0.122270742358079 0.222707423580786 0.104803493449782 0.262008733624454 0.174672489082969 0.11353711790393 tRNA
non-hypermutable 0.097799511002445 0.097799511002445 0.097799511002445 0.39119804400978 0.058679706601467 0.256723716381418 tRNA
non-hypermutable 0.246305418719212 0.147783251231527 0.147783251231527 0.0738916256157636 0.0886699507389163 0.295566502463054 tRNA
non-hypermutable 0.219178082191781 0.267123287671233 0.0821917808219178 0.164383561643836 0.143835616438356 0.123287671232877 tRNA
tRNA 0.195918367346939 0.310204081632653 0.0979591836734694 0.0979591836734694 0.0897959183673469 0.208163265306122 tRNA
tRNA 0.151181102362205 0.32755905511811 0.0755905511811024 0.163779527559055 0.125984251968504 0.155905511811024 tRNA
non-hypermutable 0.0571428571428571 0.257142857142857 0.171428571428571 0.0857142857142857 0.214285714285714 0.214285714285714 tRNA
tRNA 0.131147540983607 0.250372578241431 0.125186289120715 0.160953800298063 0.166915052160954 0.165424739195231 tRNA
non-hypermutable 0.051948051948052 0.38961038961039 0.155844155844156 0.12987012987013 0.155844155844156 0.116883116883117 tRNA
tRNA 0.107744107744108 0.215488215488215 0.141414141414141 0.101010101010101 0.121212121212121 0.313131313131313 tRNA
non-hypermutable 0.145374449339207 0.352422907488987 0.079295154185022 0.105726872246696 0.211453744493392 0.105726872246696 tRNA
non-hypermutable 0 0.342857142857143 0.342857142857143 0 0 0.314285714285714 tRNA
non-hypermutable 0.126984126984127 0.285714285714286 0.126984126984127 0.0846560846560847 0.232804232804233 0.142857142857143 tRNA
tRNA 0.119047619047619 0.333333333333333 0.119047619047619 0.119047619047619 0.107142857142857 0.202380952380952 tRNA
non-hypermutable 0.16865776528461 0.33731553056922 0.084328882642305 0.11243851018974 0.118060435699227 0.179198875614898 tRNA
tRNA 0.100250626566416 0.319548872180451 0.093984962406015 0.169172932330827 0.135338345864662 0.181704260651629 tRNA
non-hypermutable 0.0893921334922527 0.357568533969011 0.107270560190703 0.143027413587604 0.100119189511323 0.202622169249106 tRNA
non-hypermutable 0.0367132867132867 0.465034965034965 0.0734265734265734 0.146853146853147 0.0944055944055944 0.183566433566434 tRNA
tRNA 0.127272727272727 0.3 0.127272727272727 0.145454545454545 0.109090909090909 0.190909090909091 tRNA
tRNA 0.119712689545092 0.351157222665603 0.14365522745411 0.0957701516360734 0.134078212290503 0.155626496408619 tRNA
non-hypermutable 0.0943396226415094 0.477987421383648 0.0754716981132075 0.0377358490566038 0.176100628930818 0.138364779874214 tRNA
tRNA 0.164835164835165 0.43956043956044 0.0824175824175824 0.0549450549450549 0.0824175824175824 0.175824175824176 tRNA
tRNA 0.0986842105263158 0.350877192982456 0.109649122807018 0.175438596491228 0.12280701754386 0.142543859649123 tRNA
tRNA 0.0884955752212389 0.414823008849558 0.149336283185841 0.132743362831858 0.0597345132743363 0.154867256637168 tRNA
tRNA 0.163855421686747 0.318072289156626 0.0771084337349398 0.11566265060241 0.180722891566265 0.144578313253012 tRNA
non-hypermutable 0.16 0.38 0.1 0.12 0.07 0.17 tRNA
tRNA 0.142348754448399 0.327402135231317 0.149466192170818 0.113879003558719 0.106761565836299 0.160142348754448 tRNA
non-hypermutable 0.0996677740863787 0.232558139534884 0.0498338870431894 0.199335548172757 0.119601328903654 0.299003322259136 tRNA
tRNA 0.154004106776181 0.26694045174538 0.138603696098563 0.123203285420945 0.200205338809035 0.117043121149897 tRNA
non-hypermutable 0.110091743119266 0.403669724770642 0.073394495412844 0.146788990825688 0.110091743119266 0.155963302752294 tRNA
tRNA 0.112994350282486 0.387409200968523 0.0726392251815981 0.129136400322841 0.116222760290557 0.181598062953995 tRNA
non-hypermutable 0.0655737704918033 0.19672131147541 0.19672131147541 0.19672131147541 0.122950819672131 0.221311475409836 tRNA
tRNA 0.149323378441437 0.307979468035464 0.0933271115258983 0.167988800746617 0.134391040597294 0.14699020065329 tRNA
tRNA 0.0898203592814371 0.273738237810094 0.256629597946963 0.119760479041916 0.0855431993156544 0.174508126603935 tRNA
non-hypermutable 0.111627906976744 0.237209302325581 0.148837209302326 0.13953488372093 0.111627906976744 0.251162790697674 tRNA
tRNA 0.102739726027397 0.410958904109589 0.128424657534247 0.0513698630136986 0.188356164383562 0.118150684931507 tRNA
tRNA 0.13738959764475 0.357212953876349 0.0961727183513248 0.113346418056919 0.100098135426889 0.195780176643768 tRNA
tRNA 0.105058365758755 0.357976653696498 0.140077821011673 0.0933852140077821 0.140077821011673 0.163424124513619 tRNA
non-hypermutable 0.0956632653061224 0.459183673469388 0 0.127551020408163 0.17219387755102 0.145408163265306 tRNA
non-hypermutable 0 0.298507462686567 0.17910447761194 0.238805970149254 0.0895522388059702 0.194029850746269 tRNA
non-hypermutable 0.13355592654424 0.300500834724541 0.10016694490818 0.15025041736227 0.140233722871452 0.175292153589316 tRNA
non-hypermutable 0.200803212851406 0.281124497991968 0.120481927710843 0.120481927710843 0.0963855421686747 0.180722891566265 tRNA
non-hypermutable 0.0816326530612245 0.489795918367347 0 0 0.183673469387755 0.244897959183673 tRNA
non-hypermutable 0.0754716981132076 0.339622641509434 0.113207547169811 0.169811320754717 0.19811320754717 0.10377358490566 tRNA
non-hypermutable 0.155339805825243 0.155339805825243 0.116504854368932 0.116504854368932 0.203883495145631 0.252427184466019 tRNA
non-hypermutable 0 0.0704225352112676 0.422535211267606 0.211267605633803 0.140845070422535 0.154929577464789 tRNA
non-hypermutable 0.0946745562130177 0.284023668639053 0.142011834319527 0.21301775147929 0.106508875739645 0.159763313609467 tRNA
non-hypermutable 0.170212765957447 0.340425531914894 0 0.106382978723404 0.191489361702128 0.191489361702128 tRNA
non-hypermutable 0.133333333333333 0.2 0.0666666666666667 0.2 0.2 0.2 tRNA
non-hypermutable 0.151260504201681 0.26890756302521 0.100840336134454 0.201680672268908 0.100840336134454 0.176470588235294 tRNA
non-hypermutable 0 0.380952380952381 0.0634920634920635 0.126984126984127 0.0952380952380952 0.333333333333333 tRNA
non-hypermutable 0.0909090909090909 0.242424242424242 0.0363636363636364 0.121212121212121 0.109090909090909 0.4 tRNA
non-hypermutable 0.0377358490566038 0.452830188679245 0.0754716981132075 0.30188679245283 0.0377358490566038 0.0943396226415094 tRNA
non-hypermutable 0 0.163212435233161 0.217616580310881 0.326424870466321 0.0932642487046632 0.199481865284974 tRNA
non-hypermutable 0.0496894409937888 0.298136645962733 0.298136645962733 0 0.186335403726708 0.167701863354037 tRNA
non-hypermutable 0.0714285714285714 0.285714285714286 0.142857142857143 0.142857142857143 0 0.357142857142857 tRNA
non-hypermutable 0.140625 0.3125 0.09375 0.046875 0.09375 0.3125 tRNA
non-hypermutable 0.102040816326531 0.285714285714286 0.0612244897959184 0.214285714285714 0.153061224489796 0.183673469387755 tRNA
non-hypermutable 0.220820189274448 0.0946372239747634 0.0946372239747634 0.220820189274448 0.227129337539432 0.141955835962145 tRNA
non-hypermutable 0.0389105058365759 0.155642023346304 0.350194552529183 0.175097276264591 0.0466926070038911 0.233463035019455 tRNA
non-hypermutable 0.050761421319797 0 0.609137055837564 0.203045685279188 0 0.137055837563452 tRNA
non-hypermutable 0.0425531914893617 0.191489361702128 0.191489361702128 0.25531914893617 0.0957446808510638 0.223404255319149 tRNA
non-hypermutable 0.0661157024793388 0.396694214876033 0.132231404958678 0.198347107438017 0.0330578512396694 0.173553719008264 tRNA
non-hypermutable 0 0.505263157894737 0 0.252631578947368 0.0842105263157895 0.157894736842105 tRNA
non-hypermutable 0.13953488372093 0.313953488372093 0.209302325581395 0 0.104651162790698 0.232558139534884 tRNA
non-hypermutable 0.152380952380952 0.228571428571429 0.0571428571428571 0.0571428571428571 0.257142857142857 0.247619047619048 tRNA
non-hypermutable 0 0.43956043956044 0.164835164835165 0 0.0659340659340659 0.32967032967033 tRNA
non-hypermutable 0.160714285714286 0.285714285714286 0 0.321428571428571 0.0714285714285714 0.160714285714286 tRNA
non-hypermutable 0.06 0.21 0.08 0.2 0.12 0.33 tRNA
non-hypermutable 0.0985221674876847 0.236453201970443 0.0738916256157636 0.221674876847291 0.221674876847291 0.147783251231527 tRNA
non-hypermutable 0.147058823529412 0.294117647058824 0 0.156862745098039 0.196078431372549 0.205882352941176 tRNA
non-hypermutable 0 0.337349397590361 0.0803212851405622 0.120481927710843 0.0401606425702811 0.421686746987952 tRNA
non-hypermutable 0.130434782608696 0.347826086956522 0.260869565217391 0.130434782608696 0 0.130434782608696 tRNA
non-hypermutable 0 0.275862068965517 0.0689655172413793 0.206896551724138 0.0344827586206897 0.413793103448276 tRNA
non-hypermutable 0.104803493449782 0.305676855895196 0.262008733624454 0 0.131004366812227 0.196506550218341 tRNA
non-hypermutable 0.08 0.28 0 0.16 0.2 0.28 tRNA
non-hypermutable 0.169354838709677 0.225806451612903 0.169354838709677 0 0.0967741935483871 0.338709677419355 tRNA
non-hypermutable 0.128205128205128 0.273504273504274 0.170940170940171 0.256410256410256 0.0427350427350427 0.128205128205128 tRNA
tRNA 0.173410404624277 0.23121387283237 0.173410404624277 0.115606936416185 0.104046242774566 0.202312138728324 tRNA
non-hypermutable 0.0636942675159236 0.382165605095541 0.0955414012738853 0.191082802547771 0.0764331210191083 0.191082802547771 tRNA
non-hypermutable 0 0.230769230769231 0 0.346153846153846 0.307692307692308 0.115384615384615 tRNA
non-hypermutable 0.208062418725618 0.23407022106632 0.0780234070221066 0.312093628088427 0.0312093628088427 0.136540962288687 tRNA
non-hypermutable 0.128571428571429 0.2 0.128571428571429 0.171428571428571 0.2 0.171428571428571 tRNA
non-hypermutable 0.0425531914893617 0.478723404255319 0 0.106382978723404 0.0531914893617021 0.319148936170213 tRNA
non-hypermutable 0.118168389955687 0.206794682422452 0.147710487444609 0.132939438700148 0.194977843426883 0.199409158050222 tRNA
non-hypermutable 0.217391304347826 0.217391304347826 0.108695652173913 0.326086956521739 0 0.130434782608696 tRNA
non-hypermutable 0.108695652173913 0.326086956521739 0.0815217391304348 0.0815217391304348 0.130434782608696 0.271739130434783 tRNA
non-hypermutable 0 0.590163934426229 0 0 0.0491803278688525 0.360655737704918 tRNA
non-hypermutable 0.0471698113207547 0.0471698113207547 0.141509433962264 0.495283018867925 0.141509433962264 0.127358490566038 RNU
non-hypermutable 0.214285714285714 0.357142857142857 0.107142857142857 0.107142857142857 0.107142857142857 0.107142857142857 tRNA
non-hypermutable 0.164533820840951 0.219378427787934 0.164533820840951 0.127970749542962 0.131627056672761 0.191956124314442 tRNA
tRNA 0.203174603174603 0.171428571428571 0.0952380952380952 0.114285714285714 0.2 0.215873015873016 tRNA
non-hypermutable 0.129449838187702 0.258899676375405 0.0970873786407767 0.194174757281553 0.174757281553398 0.145631067961165 tRNA
non-hypermutable 0 0.655737704918033 0 0 0.0983606557377049 0.245901639344262 tRNA
tRNA 0.16030534351145 0.435114503816794 0.0458015267175573 0.137404580152672 0.106870229007634 0.114503816793893 tRNA
non-hypermutable 0.087719298245614 0.210526315789474 0.175438596491228 0.263157894736842 0 0.263157894736842 tRNA
tRNA 0.116129032258065 0.283870967741935 0.116129032258065 0.167741935483871 0.174193548387097 0.141935483870968 tRNA
non-hypermutable 0.111111111111111 0.444444444444444 0.111111111111111 0.111111111111111 0 0.222222222222222 tRNA
non-hypermutable 0.113924050632911 0.405063291139241 0.151898734177215 0.227848101265823 0 0.10126582278481 RNU
non-hypermutable 0.213903743315508 0.294117647058824 0.0802139037433155 0.120320855614973 0.106951871657754 0.184491978609626 tRNA
non-hypermutable 0 0.0869565217391304 0.260869565217391 0.260869565217391 0.0869565217391304 0.304347826086957 tRNA
non-hypermutable 0.101302460202605 0.434153400868307 0.217076700434153 0.0542691751085383 0.0520984081041968 0.1410998552822 tRNA
non-hypermutable 0.164609053497942 0.329218106995885 0.0493827160493827 0.0740740740740741 0.0493827160493827 0.333333333333333 tRNA
non-hypermutable 0.145985401459854 0.0291970802919708 0.072992700729927 0.255474452554745 0.0583941605839416 0.437956204379562 tRNA
non-hypermutable 0 0.288 0 0.144 0.064 0.504 tRNA
non-hypermutable 0.0987654320987654 0.333333333333333 0.0740740740740741 0.222222222222222 0.0740740740740741 0.197530864197531 tRNA
non-hypermutable 0.0914634146341463 0.304878048780488 0.182926829268293 0.182926829268293 0.0914634146341463 0.146341463414634 tRNA
non-hypermutable 0.129496402877698 0.172661870503597 0 0.287769784172662 0.172661870503597 0.237410071942446 tRNA
non-hypermutable 0.103780578206079 0.363232023721275 0.0778354336545589 0.103780578206079 0.217939214232765 0.133432171979244 tRNA
RNU 0.205405405405405 0.302702702702703 0.151351351351351 0.151351351351351 0.0648648648648649 0.124324324324324 RNU
non-hypermutable 0 0.51948051948052 0 0.0974025974025974 0.12987012987013 0.253246753246753 tRNA
non-hypermutable 0 0.355555555555556 0.266666666666667 0.0888888888888889 0.177777777777778 0.111111111111111 tRNA
non-hypermutable 0.150943396226415 0.452830188679245 0.226415094339623 0 0 0.169811320754717 tRNA
non-hypermutable 0.18957345971564 0.18957345971564 0.0758293838862559 0.341232227488152 0.0758293838862559 0.127962085308057 tRNA
non-hypermutable 0.142857142857143 0.375 0.107142857142857 0.107142857142857 0.0535714285714286 0.214285714285714 tRNA
non-hypermutable 0.115681233933162 0.231362467866324 0.154241645244216 0.359897172236504 0.0616966580976864 0.077120822622108 tRNA
non-hypermutable 0.103211009174312 0.229357798165138 0.206422018348624 0.0344036697247706 0.344036697247706 0.0825688073394495 tRNA
non-hypermutable 0 0.348387096774194 0.0774193548387097 0.154838709677419 0.129032258064516 0.290322580645161 tRNA
non-hypermutable 0.0483091787439613 0.108695652173913 0.289855072463768 0.241545893719807 0.0579710144927536 0.253623188405797 tRNA
non-hypermutable 0 0.305084745762712 0 0.203389830508475 0.135593220338983 0.355932203389831 tRNA
non-hypermutable 0 0.222222222222222 0.166666666666667 0.166666666666667 0.111111111111111 0.333333333333333 tRNA
non-hypermutable 0.0493827160493827 0.246913580246914 0 0.222222222222222 0.0740740740740741 0.407407407407407 tRNA
non-hypermutable 0.176991150442478 0.247787610619469 0.176991150442478 0 0.353982300884956 0.0442477876106195 tRNA
non-hypermutable 0.129151291512915 0.3690036900369 0 0.0738007380073801 0.132841328413284 0.29520295202952 tRNA
non-hypermutable 0.103448275862069 0.137931034482759 0.206896551724138 0.310344827586207 0 0.241379310344828 tRNA
non-hypermutable 0.0571428571428571 0.3 0.0857142857142857 0.171428571428571 0.171428571428571 0.214285714285714 tRNA
non-hypermutable 0.142857142857143 0.238095238095238 0.19047619047619 0 0.0952380952380952 0.333333333333333 tRNA
non-hypermutable 0 0.42603550295858 0.0473372781065089 0.189349112426035 0.142011834319527 0.195266272189349 tRNA
non-hypermutable 0.0823529411764706 0.219607843137255 0 0.274509803921569 0.0941176470588235 0.329411764705882 tRNA
non-hypermutable 0.0909090909090909 0.272727272727273 0 0.272727272727273 0.136363636363636 0.227272727272727 tRNA
non-hypermutable 0.115384615384615 0.290598290598291 0.205128205128205 0.0769230769230769 0.166666666666667 0.145299145299145 tRNA
non-hypermutable 0.135135135135135 0.405405405405405 0.0225225225225225 0.135135135135135 0.0540540540540541 0.247747747747748 tRNA
tRNA 0.148795465281058 0.321209258384506 0.103920642418517 0.127538970240907 0.119036372224846 0.179499291450165 tRNA
tRNA 0.123674911660777 0.300353356890459 0.106007067137809 0.141342756183746 0.169611307420495 0.159010600706714 tRNA
non-hypermutable 0.118764845605701 0.285035629453682 0.213776722090261 0.118764845605701 0.142517814726841 0.121140142517815 tRNA
tRNA 0.150793650793651 0.222222222222222 0.0634920634920635 0.238095238095238 0.150793650793651 0.174603174603175 tRNA
non-hypermutable 0 0.1931330472103 0.257510729613734 0.171673819742489 0.171673819742489 0.206008583690987 tRNA
tRNA 0.114285714285714 0.228571428571429 0.171428571428571 0.179591836734694 0.146938775510204 0.159183673469388 tRNA
non-hypermutable 0 0.326086956521739 0.0869565217391304 0 0 0.58695652173913 tRNA
non-hypermutable 0 0.387596899224806 0.116279069767442 0.155038759689922 0.155038759689922 0.186046511627907 tRNA
tRNA 0.194489465153971 0.248514316585629 0.075634792004322 0.162074554294976 0.0842787682333874 0.235008103727715 tRNA
non-hypermutable 0 0.2 0.4 0 0.133333333333333 0.266666666666667 tRNA
non-hypermutable 0.174064403829417 0.243690165361184 0.0522193211488251 0.182767624020888 0.12532637075718 0.221932114882507 tRNA
non-hypermutable 0.143884892086331 0.215827338129496 0.107913669064748 0.143884892086331 0.172661870503597 0.215827338129496 tRNA
non-hypermutable 0 0.434782608695652 0 0.217391304347826 0 0.347826086956522 tRNA
non-hypermutable 0.092511013215859 0.299559471365639 0.317180616740088 0.052863436123348 0.105726872246696 0.13215859030837 tRNA
tRNA 0.184615384615385 0.292307692307692 0.107692307692308 0.0923076923076923 0.1 0.223076923076923 tRNA
non-hypermutable 0.263157894736842 0.105263157894737 0.210526315789474 0.210526315789474 0 0.210526315789474 tRNA
tRNA 0.197793837961202 0.243438569798402 0.0760745530620008 0.136934195511601 0.146063141879041 0.199695701787752 tRNA
tRNA 0.134351145038168 0.476335877862595 0.0854961832061069 0.0610687022900763 0.0778625954198473 0.164885496183206 tRNA
non-hypermutable 0.0928792569659443 0.340557275541796 0.0928792569659443 0.185758513931889 0.139318885448916 0.148606811145511 tRNA
non-hypermutable 0.129032258064516 0.348387096774193 0.154838709677419 0.0774193548387097 0.154838709677419 0.135483870967742 tRNA
non-hypermutable 0.0991735537190083 0.223140495867769 0.0661157024793388 0.198347107438017 0.198347107438017 0.214876033057851 tRNA
non-hypermutable 0.166666666666667 0.277777777777778 0.111111111111111 0 0.222222222222222 0.222222222222222 tRNA
non-hypermutable 0.186046511627907 0.13953488372093 0.13953488372093 0.13953488372093 0.0465116279069767 0.348837209302326 tRNA
non-hypermutable 0.125391849529781 0.235109717868339 0.188087774294671 0.188087774294671 0.112852664576803 0.150470219435737 tRNA
non-hypermutable 0.0547945205479452 0.273972602739726 0.164383561643836 0.164383561643836 0.10958904109589 0.232876712328767 tRNA
non-hypermutable 0.106666666666667 0.36 0.08 0.24 0.0533333333333333 0.16 tRNA
non-hypermutable 0.0813008130081301 0.40650406504065 0.16260162601626 0 0.146341463414634 0.203252032520325 tRNA
tRNA 0.178694158075601 0.329896907216495 0.0549828178694158 0.178694158075601 0.0618556701030928 0.195876288659794 tRNA
non-hypermutable 0.0789473684210526 0.394736842105263 0.197368421052632 0.197368421052632 0.131578947368421 0 tRNA
non-hypermutable 0.0796812749003984 0.239043824701195 0.239043824701195 0.119521912350598 0.143426294820717 0.179282868525896 tRNA
tRNA 0.163265306122449 0.285714285714286 0.0816326530612245 0.142857142857143 0.122448979591837 0.204081632653061 tRNA
tRNA 0.114186851211073 0.262975778546713 0.0830449826989619 0.228373702422145 0.166089965397924 0.145328719723183 tRNA
non-hypermutable 0.148148148148148 0.345679012345679 0.148148148148148 0.0740740740740741 0.111111111111111 0.172839506172839 tRNA
non-hypermutable 0.0476190476190476 0.142857142857143 0.0952380952380952 0.19047619047619 0.0476190476190476 0.476190476190476 tRNA
tRNA 0.200836820083682 0.213389121338912 0.133891213389121 0.133891213389121 0.100418410041841 0.217573221757322 tRNA
RNU 0.139767054908486 0.226289517470882 0.199667221297837 0.15973377703827 0.174708818635607 0.0998336106489185 RNU
non-hypermutable 0.0816326530612245 0.244897959183673 0.122448979591837 0.122448979591837 0.183673469387755 0.244897959183673 tRNA
tRNA 0.141097424412094 0.360582306830907 0.109742441209407 0.109742441209407 0.114221724524076 0.16461366181411 tRNA
RNU 0.146853146853147 0.293706293706294 0.181818181818182 0.115384615384615 0.104895104895105 0.157342657342657 RNU
non-hypermutable 0.275862068965517 0.206896551724138 0 0.103448275862069 0.0517241379310345 0.362068965517241 tRNA
non-hypermutable 0 0.326086956521739 0.260869565217391 0 0.0869565217391304 0.326086956521739 tRNA
RNU 0.0997340425531915 0.295212765957447 0.167553191489362 0.106382978723404 0.107712765957447 0.223404255319149 RNU
RNU 0.149450549450549 0.184615384615385 0.123076923076923 0.140659340659341 0.164835164835165 0.237362637362637 RNU
tRNA 0.098159509202454 0.269938650306748 0.196319018404908 0.0736196319018405 0.147239263803681 0.214723926380368 tRNA
tRNA 0.20606884057971 0.364583333333333 0.110960144927536 0.0951086956521739 0.0996376811594203 0.123641304347826 tRNA
tRNA 0.121076233183856 0.322869955156951 0.0807174887892377 0.125560538116592 0.161434977578475 0.188340807174888 tRNA
RNU 0.133995037220844 0.238213399503722 0.163771712158809 0.238213399503722 0.0992555831265509 0.126550868486352 RNU
tRNA 0.125062034739454 0.303722084367246 0.125062034739454 0.166749379652605 0.0873449131513648 0.192059553349876 tRNA
tRNA 0.142857142857143 0.350649350649351 0.136363636363636 0.116883116883117 0.126623376623377 0.126623376623377 tRNA
non-hypermutable 0.191780821917808 0.191780821917808 0 0.191780821917808 0.191780821917808 0.232876712328767 tRNA
tRNA 0.157397691500525 0.330535152151102 0.157397691500525 0.0944386149003148 0.131164742917104 0.12906610703043 tRNA
tRNA 0.1099404489235 0.329821346770499 0.0916170407695831 0.137425561154375 0.1319285387082 0.199267063673843 tRNA
tRNA 0.186046511627907 0.252491694352159 0.159468438538206 0.119601328903654 0.132890365448505 0.149501661129568 tRNA
non-hypermutable 0.138888888888889 0.138888888888889 0.277777777777778 0.0925925925925926 0.166666666666667 0.185185185185185 tRNA
tRNA 0.144 0.288 0.12 0.176 0.128 0.144 tRNA
non-hypermutable 0.0975609756097561 0.195121951219512 0.146341463414634 0.182926829268293 0.182926829268293 0.195121951219512 tRNA
RNU 0.141570141570142 0.212355212355212 0.102960102960103 0.212355212355212 0.131274131274131 0.1994851994852 RNU
non-hypermutable 0.0384615384615385 0.307692307692308 0.384615384615385 0.0769230769230769 0.0384615384615385 0.153846153846154 tRNA
non-hypermutable 0.0818181818181818 0.218181818181818 0.218181818181818 0.163636363636364 0.0727272727272727 0.245454545454545 tRNA
non-hypermutable 0.0894568690095847 0.536741214057508 0 0.134185303514377 0.0383386581469649 0.201277955271566 tRNA
tRNA 0.18936877076412 0.129568106312292 0.199335548172757 0.132890365448505 0.169435215946844 0.179401993355482 tRNA
non-hypermutable 0.173076923076923 0.269230769230769 0.153846153846154 0.153846153846154 0.0961538461538462 0.153846153846154 tRNA
non-hypermutable 0.348837209302326 0.116279069767442 0 0.174418604651163 0.0697674418604651 0.290697674418605 tRNA
non-hypermutable 0.0772946859903382 0.347826086956522 0.0386473429951691 0.173913043478261 0.0579710144927536 0.304347826086957 tRNA
tRNA 0.148148148148148 0.353276353276353 0.102564102564103 0.11965811965812 0.131054131054131 0.145299145299145 tRNA
non-hypermutable 0.0934579439252336 0.467289719626168 0.14018691588785 0.14018691588785 0.0467289719626168 0.11214953271028 tRNA
non-hypermutable 0.15748031496063 0.31496062992126 0.15748031496063 0.118110236220472 0.0984251968503937 0.153543307086614 RNU
non-hypermutable 0.106870229007634 0.229007633587786 0.183206106870229 0.229007633587786 0.137404580152672 0.114503816793893 tRNA
tRNA 0.161764705882353 0.323529411764706 0.117647058823529 0.137254901960784 0.127450980392157 0.132352941176471 tRNA
non-hypermutable 0.0837696335078534 0.329842931937173 0.0942408376963351 0.157068062827225 0.12565445026178 0.209424083769634 RNU
non-hypermutable 0.142857142857143 0.19047619047619 0.0952380952380952 0.19047619047619 0.19047619047619 0.19047619047619 tRNA
non-hypermutable 0.116429495472186 0.465717981888745 0.0776196636481242 0.103492884864166 0.0620957309184993 0.174644243208279 RNU
non-hypermutable 0.194805194805195 0.194805194805195 0.181818181818182 0.155844155844156 0.142857142857143 0.12987012987013 tRNA
non-hypermutable 0.114285714285714 0.457142857142857 0 0.228571428571429 0 0.2 tRNA
tRNA 0.137299771167048 0.274599542334096 0.045766590389016 0.205949656750572 0.137299771167048 0.19908466819222 tRNA
non-hypermutable 0.135593220338983 0.451977401129944 0.0677966101694915 0.0451977401129944 0.112994350282486 0.186440677966102 tRNA
tRNA 0.105421686746988 0.316265060240964 0.126506024096386 0.189759036144578 0.135542168674699 0.126506024096386 tRNA
non-hypermutable 0.0532859680284192 0.346358792184725 0.106571936056838 0.106571936056838 0.0852575488454707 0.301953818827709 tRNA
tRNA 0.169779286926995 0.203735144312394 0.203735144312394 0.152801358234295 0.142614601018676 0.127334465195246 tRNA
tRNA 0.154113557358053 0.365005793742758 0.0648899188876014 0.162224797219003 0.107763615295481 0.146002317497103 tRNA
non-hypermutable 0 0.178571428571429 0 0.535714285714286 0.107142857142857 0.178571428571429 tRNA
tRNA 0.0465116279069767 0.27906976744186 0.162790697674419 0.232558139534884 0.13953488372093 0.13953488372093 tRNA
tRNA 0.123809523809524 0.476190476190476 0.0571428571428571 0.0888888888888889 0.0825396825396825 0.171428571428571 tRNA
tRNA 0.210787352758834 0.32238065716057 0.123992560446373 0.117792932424055 0.104153750774953 0.120892746435214 tRNA
non-hypermutable 0.0672268907563025 0.336134453781513 0.0336134453781513 0.201680672268908 0.168067226890756 0.19327731092437 tRNA
non-hypermutable 0.0677966101694915 0.203389830508475 0.338983050847458 0.135593220338983 0.169491525423729 0.0847457627118644 tRNA
non-hypermutable 0.0983606557377049 0.245901639344262 0.0983606557377049 0.122950819672131 0.213114754098361 0.221311475409836 tRNA
non-hypermutable 0.0566037735849057 0.150943396226415 0.226415094339623 0.339622641509434 0 0.226415094339623 tRNA
non-hypermutable 0.0618556701030928 0.309278350515464 0.103092783505155 0.144329896907216 0.11340206185567 0.268041237113402 tRNA
RNU 0.131271878646441 0.271295215869312 0.245040840140023 0.128354725787631 0.11901983663944 0.105017502917153 RNU
RNU 0.144262295081967 0.236065573770492 0.157377049180328 0.19672131147541 0.108196721311475 0.157377049180328 RNU
tRNA 0.0610820244328098 0.407213496218732 0.12216404886562 0.142524723676556 0.0959860383944153 0.171029668411867 tRNA
non-hypermutable 0.123076923076923 0.369230769230769 0.0205128205128205 0.184615384615385 0.107692307692308 0.194871794871795 RNU
tRNA 0.227272727272727 0.284090909090909 0.0284090909090909 0.15625 0.0994318181818182 0.204545454545455 tRNA
RNU 0.15 0.27 0.14 0.12 0.16 0.16 RNU
non-hypermutable 0.0634920634920635 0.380952380952381 0 0.19047619047619 0.238095238095238 0.126984126984127 tRNA
tRNA 0.166880616174583 0.30808729139923 0.134788189987163 0.128369704749679 0.115532734274711 0.146341463414634 tRNA
RNU 0.0914285714285714 0.234285714285714 0.182857142857143 0.137142857142857 0.217142857142857 0.137142857142857 RNU
tRNA 0.137323943661972 0.211267605633803 0.0845070422535211 0.232394366197183 0.158450704225352 0.176056338028169 tRNA
RNU 0.175040518638574 0.19935170178282 0.204213938411669 0.155591572123177 0.184764991896272 0.0810372771474879 RNU
tRNA 0.19315188762072 0.245829675153644 0.0877963125548727 0.228270412642669 0.126426690079017 0.118525021949078 tRNA
non-hypermutable 0.0701754385964912 0.350877192982456 0 0.105263157894737 0.210526315789474 0.263157894736842 tRNA
tRNA 0.164179104477612 0.26865671641791 0.0895522388059702 0.194029850746269 0.0895522388059702 0.194029850746269 tRNA
tRNA 0.126116657908565 0.299527062532843 0.0630583289542827 0.147136100893326 0.151339989490278 0.212821860220704 tRNA
tRNA 0.0979591836734694 0.326530612244898 0.122448979591837 0.146938775510204 0.159183673469388 0.146938775510204 tRNA
tRNA 0.24 0.173333333333333 0.106666666666667 0.2 0.11 0.17 tRNA
tRNA 0.186513629842181 0.24390243902439 0.114777618364419 0.172166427546628 0.157819225251076 0.124820659971306 tRNA
tRNA 0.117994100294985 0.23598820058997 0.0589970501474926 0.188790560471976 0.238938053097345 0.15929203539823 tRNA
non-hypermutable 0.188824662813102 0.188824662813102 0.121387283236994 0.161849710982659 0.15028901734104 0.188824662813102 tRNA
non-hypermutable 0.0918367346938775 0.489795918367347 0.0306122448979592 0.204081632653061 0.0816326530612245 0.102040816326531 tRNA
non-hypermutable 0.062111801242236 0.186335403726708 0.186335403726708 0.124223602484472 0.0372670807453416 0.403726708074534 tRNA
non-hypermutable 0.122448979591837 0.326530612244898 0 0.163265306122449 0.163265306122449 0.224489795918367 tRNA
non-hypermutable 0.164835164835165 0.43956043956044 0 0.164835164835165 0.0659340659340659 0.164835164835165 tRNA
non-hypermutable 0.104347826086957 0.173913043478261 0.208695652173913 0.139130434782609 0.0869565217391304 0.28695652173913 tRNA
non-hypermutable 0.0685714285714286 0.274285714285714 0 0.228571428571429 0.137142857142857 0.291428571428571 tRNA
tRNA 0.159235668789809 0.286624203821656 0.191082802547771 0.127388535031847 0.127388535031847 0.10828025477707 tRNA
non-hypermutable 0.0427807486631016 0.25668449197861 0.25668449197861 0.128342245989305 0.106951871657754 0.20855614973262 tRNA
tRNA 0.183802412406663 0.232624928202183 0.189546237794371 0.103388856978748 0.149339460080414 0.141298104537622 tRNA
tRNA 0.229172756503946 0.196433791289097 0.0982168956445484 0.17187956737796 0.126278865828705 0.178018123355744 tRNA
tRNA 0.0986842105263158 0.230263157894737 0.172697368421053 0.197368421052632 0.167763157894737 0.133223684210526 tRNA
non-hypermutable 0 0.1875 0.1875 0.1875 0.1875 0.25 tRNA
non-hypermutable 0.0681818181818182 0.340909090909091 0.204545454545455 0.136363636363636 0.0681818181818182 0.181818181818182 tRNA
tRNA 0.257990210192917 0.225741433918802 0.112870716959401 0.0967463288223438 0.131298589116038 0.175352720990498 tRNA
tRNA 0.1278928136419 0.341047503045067 0.0568412505075112 0.198944376776289 0.121802679658953 0.15347137637028 tRNA
tRNA 0.116417910447761 0.202985074626866 0.197014925373134 0.214925373134328 0.107462686567164 0.161194029850746 tRNA
non-hypermutable 0.040045766590389 0.280320366132723 0.120137299771167 0.336384439359268 0.102974828375286 0.120137299771167 tRNA
non-hypermutable 0.217522658610272 0.235649546827795 0.120845921450151 0.108761329305136 0.181268882175227 0.13595166163142 tRNA
non-hypermutable 0.148462354188759 0.296924708377519 0.0742311770943796 0.111346765641569 0.190880169671262 0.178154825026511 tRNA
non-hypermutable 0 0.413793103448276 0.137931034482759 0.103448275862069 0.103448275862069 0.241379310344828 tRNA
non-hypermutable 0.0486322188449848 0.364741641337386 0 0.267477203647416 0.145896656534954 0.173252279635258 tRNA
tRNA 0.2455006922012 0.323027226580526 0.116289801568989 0.0969081679741578 0.0664513151822797 0.151822796492847 tRNA
tRNA 0.199546485260771 0.326530612244898 0.036281179138322 0.163265306122449 0.102040816326531 0.172335600907029 tRNA
non-hypermutable 0.152866242038217 0.229299363057325 0.0764331210191083 0.286624203821656 0.0254777070063694 0.229299363057325 tRNA
tRNA 0.0778210116731518 0.466926070038911 0.0583657587548638 0.107003891050584 0.124513618677043 0.165369649805447 tRNA
tRNA 0.134730538922156 0.29940119760479 0.115483319076133 0.14114627887083 0.123182207014542 0.186056458511548 tRNA
tRNA 0.161137440758294 0.383886255924171 0.113744075829384 0.102369668246445 0.113744075829384 0.125118483412322 tRNA
tRNA 0.130841121495327 0.44582900657667 0.0193838698511596 0.101765316718588 0.0913811007268951 0.21079958463136 tRNA
tRNA 0.0793763288447909 0.416725726435152 0.0992204110559887 0.133947554925585 0.102055279943303 0.168674698795181 tRNA
tRNA 0.1024 0.1824 0.0768 0.2688 0.192 0.1776 tRNA
non-hypermutable 0.16 0.06 0.12 0.24 0.18 0.24 tRNA
non-hypermutable 0.0769230769230769 0.307692307692308 0.153846153846154 0 0 0.461538461538462 tRNA
tRNA 0.0452586206896552 0.339439655172414 0.158405172413793 0.0754310344827586 0.109913793103448 0.271551724137931 tRNA
non-hypermutable 0.106007067137809 0.353356890459364 0.0706713780918728 0.0706713780918728 0.0989399293286219 0.300353356890459 tRNA
non-hypermutable 0.215384615384615 0.107692307692308 0.161538461538462 0 0.138461538461538 0.376923076923077 tRNA
non-hypermutable 0.0868665977249224 0.231644260599793 0.0868665977249224 0.231644260599793 0.124095139607032 0.238883143743537 tRNA
tRNA 0.102803738317757 0.299065420560748 0.11214953271028 0.149532710280374 0.196261682242991 0.14018691588785 tRNA
non-hypermutable 0.058679706601467 0.183374083129584 0.097799511002445 0.220048899755501 0 0.440097799511002 tRNA
tRNA 0.117359413202934 0.293398533007335 0.146699266503667 0.156479217603912 0.117359413202934 0.168704156479218 tRNA
non-hypermutable 0.0684931506849315 0.273972602739726 0.136986301369863 0.191780821917808 0.219178082191781 0.10958904109589 tRNA
tRNA 0.082815734989648 0.331262939958592 0.062111801242236 0.186335403726708 0.144927536231884 0.192546583850932 tRNA
non-hypermutable 0.0784313725490196 0.313725490196078 0.156862745098039 0.156862745098039 0.117647058823529 0.176470588235294 tRNA
tRNA 0.10126582278481 0.288607594936709 0.273417721518987 0.10126582278481 0.121518987341772 0.113924050632911 tRNA
non-hypermutable 0.23121387283237 0.260115606936416 0.0578034682080925 0.173410404624277 0.161849710982659 0.115606936416185 tRNA
non-hypermutable 0 0.353982300884956 0.176991150442478 0.265486725663717 0.0707964601769911 0.132743362831858 tRNA
non-hypermutable 0.0943396226415094 0.0943396226415094 0.188679245283019 0.283018867924528 0.113207547169811 0.226415094339623 tRNA
tRNA 0.175531914893617 0.265957446808511 0.111702127659574 0.167553191489362 0.127659574468085 0.151595744680851 tRNA
non-hypermutable 0.106815869786368 0.284842319430315 0.0915564598168871 0.0610376398779247 0.231943031536114 0.223804679552391 tRNA
tRNA 0.128440366972477 0.311926605504587 0.055045871559633 0.165137614678899 0.119266055045872 0.220183486238532 tRNA
non-hypermutable 0.105263157894737 0.315789473684211 0 0.157894736842105 0 0.421052631578947 tRNA
non-hypermutable 0.16 0.42 0 0.12 0.08 0.22 tRNA
tRNA 0.168738898756661 0.29603315571344 0.159857904085258 0.130254588513914 0.120781527531083 0.124333925399645 tRNA
tRNA 0.145719489981785 0.276867030965392 0.116575591985428 0.116575591985428 0.131147540983607 0.213114754098361 tRNA
tRNA 0.109034267912773 0.303738317757009 0.233644859813084 0.124610591900312 0.11214953271028 0.116822429906542 tRNA
non-hypermutable 0.0655737704918033 0.344262295081967 0.0983606557377049 0.19672131147541 0.0983606557377049 0.19672131147541 tRNA
tRNA 0.113636363636364 0.295454545454545 0.0227272727272727 0.151515151515152 0.166666666666667 0.25 tRNA
non-hypermutable 0.134453781512605 0.252100840336134 0.151260504201681 0.218487394957983 0.126050420168067 0.117647058823529 tRNA
non-hypermutable 0.0495049504950495 0.267326732673267 0.148514851485149 0.148514851485149 0.0891089108910891 0.297029702970297 tRNA
non-hypermutable 0.144478844169247 0.232198142414861 0.103199174406605 0.123839009287926 0.148606811145511 0.247678018575851 tRNA
tRNA 0.170068027210884 0.36281179138322 0.0340136054421769 0.113378684807256 0.115646258503401 0.204081632653061 tRNA
non-hypermutable 0 0.306122448979592 0.408163265306122 0.102040816326531 0.0816326530612245 0.102040816326531 tRNA
non-hypermutable 0.106167846309403 0.32355915065723 0.182002022244692 0.121334681496461 0.151668351870576 0.115267947421638 tRNA
tRNA 0.0875912408759124 0.364963503649635 0.0656934306569343 0.160583941605839 0.0875912408759124 0.233576642335766 tRNA
tRNA 0.127367463402531 0.335786948970308 0.150525184021173 0.182367049871805 0.0893226366719047 0.114630717062278 tRNA
non-hypermutable 0.0540216086434574 0.312124849939976 0.0960384153661465 0.0480192076830732 0.129651860744298 0.360144057623049 tRNA
tRNA 0.0903614457831325 0.198795180722892 0.162650602409639 0.162650602409639 0.228915662650602 0.156626506024096 tRNA
non-hypermutable 0.0684345594525235 0.307955517536356 0 0.256629597946963 0.123182207014542 0.243798118049615 tRNA
tRNA 0.149750415973378 0.316139767054908 0.0831946755407654 0.166389351081531 0.15973377703827 0.124792013311148 tRNA
non-hypermutable 0.0461095100864553 0.322766570605187 0.115273775216138 0.138328530259366 0.126801152737752 0.250720461095101 tRNA
tRNA 0.227518959913326 0.341278439869989 0.0910075839653305 0.151679306608884 0.0520043336944745 0.136511375947996 tRNA
tRNA 0.23448275862069 0.186206896551724 0.0827586206896552 0.137931034482759 0.137931034482759 0.220689655172414 tRNA
tRNA 0.137835975189524 0.317022742935906 0.062026188835286 0.137835975189524 0.190213645761544 0.155065472088215 tRNA
tRNA 0.0941176470588235 0.4 0.0941176470588235 0.0941176470588235 0.117647058823529 0.2 tRNA
non-hypermutable 0 0.285714285714286 0.0952380952380952 0.380952380952381 0.0476190476190476 0.19047619047619 tRNA
tRNA 0.215827338129496 0.237410071942446 0.107913669064748 0.129496402877698 0.129496402877698 0.179856115107914 tRNA
non-hypermutable 0.214285714285714 0.326530612244898 0.0612244897959184 0.122448979591837 0.122448979591837 0.153061224489796 tRNA
non-hypermutable 0.0819672131147541 0.355191256830601 0.204918032786885 0.0819672131147541 0.0983606557377049 0.177595628415301 tRNA
non-hypermutable 0.0888888888888889 0.444444444444444 0 0 0.2 0.266666666666667 tRNA
tRNA 0.130597014925373 0.298507462686567 0.111940298507463 0.111940298507463 0.123134328358209 0.223880597014925 tRNA
tRNA 0.131578947368421 0.289473684210526 0.0789473684210526 0.157894736842105 0.157894736842105 0.184210526315789 tRNA
non-hypermutable 0.0542005420054201 0.10840108401084 0.0542005420054201 0.43360433604336 0.121951219512195 0.227642276422764 tRNA
non-hypermutable 0.175824175824176 0.21978021978022 0.21978021978022 0.21978021978022 0.0549450549450549 0.10989010989011 tRNA
tRNA 0.160070360598065 0.221635883905013 0.16622691292876 0.147757255936675 0.0949868073878628 0.209322779243624 tRNA
non-hypermutable 0 0.4 0 0 0.15 0.45 tRNA
non-hypermutable 0 0.166666666666667 0 0.375 0.125 0.333333333333333 tRNA
tRNA 0.126436781609195 0.293103448275862 0.137931034482759 0.149425287356322 0.103448275862069 0.189655172413793 tRNA
non-hypermutable 0.10958904109589 0.164383561643836 0.164383561643836 0.246575342465753 0.0273972602739726 0.287671232876712 tRNA
non-hypermutable 0.075 0.4 0 0.15 0.075 0.3 tRNA
non-hypermutable 0.0949367088607595 0.253164556962025 0.253164556962025 0.126582278481013 0.0506329113924051 0.221518987341772 tRNA
tRNA 0.103448275862069 0.229885057471264 0.0689655172413793 0.183908045977011 0.206896551724138 0.206896551724138 tRNA
tRNA 0.0854092526690391 0.362989323843416 0.128113879003559 0.138790035587189 0.156583629893238 0.128113879003559 tRNA
RNU 0.147551978537894 0.211267605633803 0.181086519114688 0.134138162307176 0.201207243460765 0.124748490945674 RNU
non-hypermutable 0.0930232558139535 0.209302325581395 0.13953488372093 0.13953488372093 0.13953488372093 0.27906976744186 tRNA
tRNA 0.21865889212828 0.291545189504373 0.131195335276968 0.0728862973760933 0.189504373177843 0.0962099125364431 tRNA
non-hypermutable 0.166666666666667 0.30952380952381 0.0952380952380952 0.142857142857143 0.119047619047619 0.166666666666667 tRNA
non-hypermutable 0.0655840099937539 0.393504059962523 0.0983760149906309 0.153029356652092 0.112429731417864 0.177076826983136 tRNA
tRNA 0.128548473486877 0.216925549009106 0.160685591858597 0.208891269416176 0.134975897161221 0.149973219068024 tRNA
tRNA 0.143222506393862 0.238704177323103 0.131287297527707 0.202898550724638 0.158567774936061 0.125319693094629 tRNA
non-hypermutable 0 0.145454545454545 0 0.327272727272727 0.254545454545455 0.272727272727273 tRNA
non-hypermutable 0.207492795389049 0.216138328530259 0.172910662824208 0.0864553314121038 0.0576368876080692 0.259365994236311 tRNA
non-hypermutable 0 0.26525198938992 0.0795755968169761 0.106100795755968 0.0318302387267905 0.517241379310345 tRNA
RNU 0.112219451371571 0.27930174563591 0.134663341645885 0.159600997506234 0.149625935162095 0.164588528678304 RNU
RNU 0.122559327125263 0.279363172123761 0.198257735055572 0.132171823370381 0.136978071492941 0.130669870832082 RNU
non-hypermutable 0.0892857142857143 0.446428571428571 0.178571428571429 0 0.107142857142857 0.178571428571429 tRNA
non-hypermutable 0.129032258064516 0.387096774193548 0 0.290322580645161 0 0.193548387096774 tRNA
non-hypermutable 0.106382978723404 0.212765957446809 0.212765957446809 0.212765957446809 0.0425531914893617 0.212765957446809 RNU
non-hypermutable 0.036231884057971 0.253623188405797 0.289855072463768 0.241545893719807 0.0579710144927536 0.120772946859903 RNU
non-hypermutable 0.166666666666667 0.333333333333333 0 0 0.333333333333333 0.166666666666667 RNU
tRNA 0.198636806231743 0.315481986368062 0.140214216163583 0.132424537487829 0.105160662122687 0.108081791626095 tRNA
RNU 0.123110151187905 0.285097192224622 0.181425485961123 0.168466522678186 0.155507559395248 0.0863930885529158 RNU
non-hypermutable 0.0571428571428571 0.342857142857143 0.171428571428571 0.171428571428571 0.0571428571428571 0.2 tRNA
RNU 0.194626613073831 0.270784852972287 0.135392426486143 0.120583879839222 0.167548127776602 0.111064099851915 RNU
